[gd_scene load_steps=6 format=3 uid="uid://6msa32pxnbrk"]

[ext_resource type="PackedScene" uid="uid://daf3jm6dh7y8a" path="res://scenes/characters/humanoid_character_base/humanoid_character_base.tscn" id="1_ta1ky"]
[ext_resource type="Script" path="res://scenes/characters/player/player.gd" id="2_2y1xt"]
[ext_resource type="PackedScene" uid="uid://de3r2tkumo27a" path="res://resources/models/characters/player/player_model.glb" id="2_kwwlw"]
[ext_resource type="Script" path="res://scenes/characters/player/player_controller.gd" id="6"]

[sub_resource type="CylinderShape3D" id="CylinderShape3D_ajeom"]
resource_local_to_scene = true
height = 1.5
radius = 0.2

[node name="Player" instance=ExtResource("1_ta1ky")]
script = ExtResource("2_2y1xt")

[node name="CharacterCollision" parent="." index="3"]
transform = Transform3D(1, 0, 0, 0, 1, 0, 0, 0, 1, 0, 0.95, 0)
shape = SubResource("CylinderShape3D_ajeom")
height = 1.7

[node name="ModelRoot" parent="." index="5" node_paths=PackedStringArray("glb_root")]
glb_root = NodePath("player_model")

[node name="Skeleton3D" parent="ModelRoot/rig_deform" index="0"]
bones/0/position = Vector3(3.56496e-08, 0.879662, -0.0513049)
bones/0/rotation = Quaternion(0.133821, 0, 0, 0.991006)
bones/1/rotation = Quaternion(-0.0684506, 1.18934e-07, -8.16028e-09, 0.997655)
bones/2/rotation = Quaternion(-0.0825992, -1.18802e-07, -9.8472e-09, 0.996583)
bones/3/rotation = Quaternion(0.00173603, 9.1132e-14, 2.32306e-14, 0.999999)
bones/4/rotation = Quaternion(-0.153373, 1.16961e-07, -1.91684e-08, 0.988168)
bones/5/rotation = Quaternion(0.278235, 3.55282e-09, 7.06268e-08, 0.960513)
bones/6/rotation = Quaternion(-0.112498, -1.21429e-07, -1.64619e-08, 0.993652)
bones/8/rotation = Quaternion(-0.532334, 0.0139487, -0.360117, 0.765991)
bones/11/rotation = Quaternion(-0.0231946, -0.368115, 0.201336, 0.907424)
bones/13/rotation = Quaternion(-0.532334, -0.0139487, 0.360117, 0.765991)
bones/16/rotation = Quaternion(-0.0231946, 0.368115, -0.201336, 0.907424)
bones/18/rotation = Quaternion(-0.438325, -6.37574e-11, -1.38409e-10, 0.898816)
bones/20/rotation = Quaternion(-0.161435, 0.551542, 0.797115, 0.185333)
bones/23/rotation = Quaternion(0.804511, 0.553364, 0.186022, -0.109293)
bones/24/rotation = Quaternion(0.761488, 0.615996, 0.140006, -0.145199)
bones/31/rotation = Quaternion(4.87802e-07, 0.687286, 0.726387, 4.61545e-07)
bones/34/rotation = Quaternion(0.804511, -0.553364, -0.186022, -0.109293)
bones/35/rotation = Quaternion(0.761488, -0.615996, -0.140006, -0.145199)
bones/36/rotation = Quaternion(-0.561294, 0.768888, -0.00404874, 0.306175)
bones/37/rotation = Quaternion(-0.485182, 0.702761, -0.201777, 0.479596)
bones/38/rotation = Quaternion(0.530843, 0.689254, 0.234509, 0.433752)
bones/39/rotation = Quaternion(0.615852, 0.723577, 0.0895266, 0.298578)
bones/42/rotation = Quaternion(-4.87802e-07, 0.687286, 0.726387, -4.61545e-07)
bones/45/rotation = Quaternion(-0.580966, -1.03255e-10, -1.51051e-10, 0.813928)
bones/50/rotation = Quaternion(-0.0559451, 1.19025e-07, -6.69045e-09, 0.998434)
bones/52/rotation = Quaternion(0.996818, -0.0788991, -0.0063497, 0.00946232)
bones/55/rotation = Quaternion(0.996818, 0.0788991, 0.0063497, 0.00946232)
bones/67/rotation = Quaternion(-0.0494923, 0.411432, 0.671592, 0.614197)
bones/71/rotation = Quaternion(-0.255707, 0.145191, 0.955434, -0.0260809)
bones/73/rotation = Quaternion(-0.0494923, -0.411432, -0.671592, 0.614197)
bones/75/rotation = Quaternion(0.334316, 0.0963439, 0.839809, -0.416738)
bones/76/rotation = Quaternion(0.388676, 0.155982, 0.906911, -0.0459655)
bones/77/rotation = Quaternion(0.255707, 0.145191, 0.955434, 0.0260809)
bones/81/rotation = Quaternion(0.728959, -0.343871, 0.550591, 0.217301)
bones/85/rotation = Quaternion(0.728959, 0.343871, -0.550591, 0.217301)
bones/93/rotation = Quaternion(0.396133, 0.913681, -0.00501159, 0.0907803)
bones/95/rotation = Quaternion(0.797574, 0.162423, 0.575749, 0.077512)
bones/96/rotation = Quaternion(0.926259, 0.128593, 0.33256, 0.122119)
bones/98/rotation = Quaternion(0.797574, -0.162423, -0.575749, 0.0775121)
bones/99/rotation = Quaternion(0.926259, -0.128593, -0.33256, 0.122119)
bones/102/rotation = Quaternion(0.999052, -5.17262e-09, 1.19106e-07, -0.043531)
bones/110/rotation = Quaternion(-0.0351674, 0.0964581, -0.714886, 0.691663)
bones/111/rotation = Quaternion(1.22725e-06, -5.8778e-07, -3.74857e-07, 1)
bones/112/rotation = Quaternion(0.1549, -3.15873e-05, 0.000227247, 0.98793)
bones/113/rotation = Quaternion(-1.19384e-07, 8.8208e-07, 9.20265e-07, 1)
bones/114/rotation = Quaternion(-0.128196, -0.00212427, -0.0187969, 0.991568)
bones/115/position = Vector3(-0.00259381, 0.0814943, 0.0329957)
bones/115/rotation = Quaternion(0.0548519, 0.803402, 0.0359452, 0.591815)
bones/116/rotation = Quaternion(0.074382, 0.00471997, 0.0193595, 0.997031)
bones/117/rotation = Quaternion(0.0393576, 0.00168742, -0.0123884, 0.999147)
bones/118/position = Vector3(0.00969805, 0.026346, 0.0176796)
bones/118/rotation = Quaternion(0.143636, 0.880181, 0.450519, -0.0410079)
bones/119/rotation = Quaternion(0.136054, 0.0021787, -0.0164643, 0.990562)
bones/121/position = Vector3(-0.00805516, 0.00772294, 0.0166856)
bones/122/position = Vector3(-0.00738638, 0.0965124, 0.0113391)
bones/122/rotation = Quaternion(0.0737695, 0.802861, 0.0423006, 0.59007)
bones/123/rotation = Quaternion(0.0504758, 0.00276824, 0.00209124, 0.998719)
bones/124/rotation = Quaternion(0.035366, 0.00184773, -0.00705155, 0.999348)
bones/125/position = Vector3(-0.0139322, 0.0200209, 0.00229454)
bones/126/position = Vector3(-0.00389777, 0.0977997, -0.00993645)
bones/126/rotation = Quaternion(0.0910978, 0.858081, 0.0449008, 0.503371)
bones/127/rotation = Quaternion(0.0411618, 0.00049099, -0.00418752, 0.999144)
bones/128/rotation = Quaternion(-0.018087, -9.0673e-05, 0.00710265, 0.999811)
bones/129/position = Vector3(-0.00974045, 0.0180431, -0.0133177)
bones/130/position = Vector3(0.0113165, 0.101844, -0.0281211)
bones/130/rotation = Quaternion(0.0721607, 0.700983, 0.0458411, 0.708036)
bones/131/rotation = Quaternion(0.0181739, 0.000164178, -0.00449279, 0.999825)
bones/132/rotation = Quaternion(0.0353686, -8.60821e-05, 0.00963287, 0.999328)
bones/133/position = Vector3(-0.00361602, 0.010888, -0.0252403)
bones/134/rotation = Quaternion(-0.0694547, -0.0536738, 0.72355, 0.684668)
bones/135/rotation = Quaternion(1.12137e-06, -3.72529e-08, 9.9186e-08, 1)
bones/136/rotation = Quaternion(0.136498, -8.52082e-05, 0.000715412, 0.99064)
bones/137/rotation = Quaternion(-2.98081e-07, -8.02101e-08, 3.99072e-07, 1)
bones/138/rotation = Quaternion(-0.118458, 0.000475989, 0.00455341, 0.992949)
bones/139/position = Vector3(0.00790223, 0.0765039, 0.0377609)
bones/139/rotation = Quaternion(0.0567019, -0.834151, -0.0329479, 0.547623)
bones/140/rotation = Quaternion(0.0743779, -0.00471876, -0.0193759, 0.997031)
bones/142/position = Vector3(-0.00267223, 0.0213556, 0.0212123)
bones/142/rotation = Quaternion(-0.167646, 0.876693, 0.442146, 0.0883809)
bones/143/rotation = Quaternion(0.136056, -0.00217645, 0.016447, 0.990562)
bones/145/position = Vector3(0.0150849, 0.00273254, 0.0221324)
bones/146/position = Vector3(0.0149951, 0.091522, 0.016745)
bones/146/rotation = Quaternion(0.0759338, -0.833517, -0.038278, 0.54591)
bones/147/rotation = Quaternion(0.0504754, -0.00276779, -0.00210221, 0.998719)
bones/148/rotation = Quaternion(0.0353676, -0.00184749, 0.00704384, 0.999348)
bones/149/position = Vector3(0.0224748, 0.0150306, 0.00845647)
bones/150/position = Vector3(0.0138136, 0.0928093, -0.00478228)
bones/150/rotation = Quaternion(-0.0933765, 0.88398, 0.0399433, -0.45636)
bones/151/rotation = Quaternion(0.0411627, -0.000490894, 0.00417858, 0.999144)
bones/152/rotation = Quaternion(-0.0180885, 9.10997e-05, -0.00709874, 0.999811)
bones/153/position = Vector3(0.0199856, 0.0130528, -0.00751591)
bones/154/position = Vector3(0.000642168, 0.0968533, -0.024497)
bones/154/rotation = Quaternion(0.0745176, -0.738149, -0.0418999, 0.669199)
bones/155/rotation = Quaternion(0.0181748, -0.000164201, 0.00448882, 0.999825)
bones/156/rotation = Quaternion(0.0353665, 8.6438e-05, -0.00964059, 0.999328)
bones/157/position = Vector3(0.0151782, 0.00589772, -0.0200278)
bones/158/rotation = Quaternion(-0.153935, -0.791702, -0.292759, 0.513618)
bones/159/rotation = Quaternion(-0.153935, 0.791702, 0.292759, 0.513618)
bones/160/rotation = Quaternion(0.93248, -0.034886, -0.341376, 0.112816)
bones/161/rotation = Quaternion(-5.69505e-07, 2.37924e-08, 4.29573e-07, 1)
bones/162/rotation = Quaternion(0.0207074, 1.24239e-05, -0.000648707, 0.999785)
bones/163/rotation = Quaternion(2.3283e-09, -3.96394e-08, -2.30502e-08, 1)
bones/164/rotation = Quaternion(-0.49809, 0.294159, 0.17611, 0.796469)
bones/165/rotation = Quaternion(-0.000172234, 0.966113, -0.25812, -0.000688557)
bones/166/rotation = Quaternion(0.932482, 0.0348854, 0.341369, 0.112816)
bones/167/rotation = Quaternion(-5.7905e-07, 2.53509e-07, -4.87315e-07, 1)
bones/168/rotation = Quaternion(0.0207077, -1.19937e-05, 0.000648443, 0.999785)
bones/169/rotation = Quaternion(-3.70201e-08, 3.45404e-07, -4.09782e-08, 1)
bones/170/rotation = Quaternion(-0.498093, -0.294154, -0.176104, 0.79647)
bones/171/rotation = Quaternion(0.000169923, 0.966113, -0.258119, 0.000691782)

[node name="Physical Bone DEF-spine" parent="ModelRoot/rig_deform/Skeleton3D/PhysicalBoneSimulator3D" index="0"]
transform = Transform3D(1, 1.09408e-08, -5.9357e-08, -5.93882e-08, 0.0028722, -0.999996, -1.07703e-08, 0.999996, 0.0028722, 4.49586e-07, 0.11746, 0.0255853)
joint_offset = Transform3D(1, 0, 0, 0, 1, 0, 0, 0, 1, -4.58374e-07, -0.0747007, -0.76242)
body_offset = Transform3D(1, 1.09408e-08, -5.9357e-08, -6.01178e-08, 0.268002, -0.963418, 5.36724e-09, 0.963418, 0.268002, 4.13936e-07, -0.714509, 0.276298)

[node name="Physical Bone DEF-spine001" parent="ModelRoot/rig_deform/Skeleton3D/PhysicalBoneSimulator3D" index="1"]
transform = Transform3D(0.986007, 0.166703, 4.47346e-05, -5.54863e-05, 0.000596538, -1, -0.166703, 0.986007, 0.000597441, 0.0131138, 0.243596, 0.0600037)
joint_offset = Transform3D(1, 0, 0, 0, 1, 0, 0, 0, 1, -0.000304945, -0.0766567, -0.764503)
body_offset = Transform3D(0.986007, 0.166702, 4.47039e-05, -0.0219031, 0.129818, -0.991296, -0.165257, 0.977424, 0.131653, 0.0131137, -0.747904, 0.175525)

[node name="Physical Bone DEF-spine002" parent="ModelRoot/rig_deform/Skeleton3D/PhysicalBoneSimulator3D" index="2"]
transform = Transform3D(0.940991, 0.335288, 0.0460342, 0.0435087, 0.0150444, -0.99894, -0.335625, 0.941996, -0.000431302, 0.0636127, 0.367018, 0.0695867)
joint_offset = Transform3D(1, 0, 0, 0, 1, 0, 0, 0, 1, -0.00334966, -0.0758083, -0.76124)
body_offset = Transform3D(0.940991, 0.335288, 0.0460342, 0.0548754, -0.0169375, -0.998349, -0.333954, 0.941964, -0.0343371, 0.0636127, -0.761084, 0.0441512)

[node name="Physical Bone DEF-spine003" parent="ModelRoot/rig_deform/Skeleton3D/PhysicalBoneSimulator3D" index="3"]
transform = Transform3D(0.646996, 0.758232, 0.0804986, 0.0674408, 0.0482536, -0.996556, -0.759505, 0.650197, -0.0199159, 0.121591, 0.538863, 0.023769)
joint_offset = Transform3D(1, 0, 0, 0, 1, 0, 0, 0, 1, -0.00669264, -0.0756118, -0.744482)
body_offset = Transform3D(0.646996, 0.758232, 0.0804986, 0.0905529, 0.0284185, -0.995486, -0.757097, 0.651365, -0.0502734, 0.121591, -0.738366, 0.00675631)

[node name="Physical Bone DEF-spine004" parent="ModelRoot/rig_deform/Skeleton3D/PhysicalBoneSimulator3D" index="4"]
transform = Transform3D(0.864432, 0.498683, 0.0638187, 0.0648074, 0.0153513, -0.99778, -0.498555, 0.866648, -0.0190482, 0.0906967, 0.637755, 0.0322041)
joint_offset = Transform3D(1, 0, 0, 0, 1, 0, 0, 0, 1, -0.00478949, -0.0699385, -0.809783)
body_offset = Transform3D(0.864432, 0.498683, 0.0638188, 0.226658, -0.273258, -0.934856, -0.448757, 0.822584, -0.349244, 0.0906967, -0.775056, -0.22743)

[node name="Physical Bone DEF-spine005" parent="ModelRoot/rig_deform/Skeleton3D/PhysicalBoneSimulator3D" index="5"]
transform = Transform3D(0.843223, 0.532609, 0.0728249, 0.0703105, 0.025036, -0.997211, -0.532947, 0.845991, -0.0163371, 0.098733, 0.689964, 0.0258296)
joint_offset = Transform3D(1, 0, 0, 0, 1, 0, 0, 0, 1, -0.00316276, -0.0725906, -0.788243)
body_offset = Transform3D(0.843223, 0.532609, 0.0728249, -0.05062, 0.21354, -0.975622, -0.535176, 0.81898, 0.207023, 0.0987329, -0.753686, 0.220942)

[node name="Physical Bone DEF-shoulderL" parent="ModelRoot/rig_deform/Skeleton3D/PhysicalBoneSimulator3D" index="6"]
transform = Transform3D(0.559825, 0.816368, 0.141911, 0.0774405, 0.118967, -0.989874, -0.824984, 0.565146, 0.00338059, 0.0515278, 0.545443, -0.053651)
joint_offset = Transform3D(1, 0, 0, 0, 1, 0, 0, 0, 1, -0.0502041, 0.139214, -0.848579)
body_offset = Transform3D(-0.418579, 0.905123, 0.0744575, 0.904773, 0.408511, 0.120428, 0.0785851, 0.117776, -0.989925, -0.0838373, 0.0907452, -0.852481)

[node name="Physical Bone DEF-upper_armL" parent="ModelRoot/rig_deform/Skeleton3D/PhysicalBoneSimulator3D" index="7"]
transform = Transform3D(-0.235594, 0.907267, -0.34837, 0.966682, 0.255692, 0.0121606, 0.100108, -0.333898, -0.937278, 0.351343, 0.448971, -0.0647267)
joint_offset = Transform3D(1, 0, 0, 0, 1, 0, 0, 0, 1, 0.945154, 0.0672429, 0.0344125)
body_offset = Transform3D(-0.960219, -0.274457, 0.0515183, -0.279239, 0.945333, -0.168439, -0.00247278, -0.176124, -0.984365, 0.924237, 0.206154, 0.0480547)

[node name="Physical Bone DEF-upper_armL001" parent="ModelRoot/rig_deform/Skeleton3D/PhysicalBoneSimulator3D" index="8"]
transform = Transform3D(-0.136724, 0.975971, -0.169666, 0.794205, 0.210364, 0.570075, 0.592069, -0.0568066, -0.803883, 0.447902, 0.403953, -0.582913)
joint_offset = Transform3D(1, 0, 0, 0, 1, 0, 0, 0, 1, 1.10605, 0.0416769, 0.149029)
body_offset = Transform3D(-0.818113, -0.246652, -0.519475, -0.268283, 0.962719, -0.0345926, 0.50864, 0.111066, -0.853785, 0.992567, 0.261766, -0.43997)

[node name="Physical Bone DEF-forearmL" parent="ModelRoot/rig_deform/Skeleton3D/PhysicalBoneSimulator3D" index="9"]
transform = Transform3D(0.410325, 0.886632, -0.213349, 0.347427, 0.064322, 0.935498, 0.843166, -0.457981, -0.281647, -0.320379, 0.680306, -0.833664)
joint_offset = Transform3D(1, 0, 0, 0, 1, 0, 0, 0, 1, 1.19409, 0.377222, 0.269946)
body_offset = Transform3D(-0.407641, -0.0757446, -0.909995, 0.49471, 0.819314, -0.289807, 0.767523, -0.568321, -0.296514, 0.760983, -0.821559, -0.622065)

[node name="Physical Bone DEF-forearmL001" parent="ModelRoot/rig_deform/Skeleton3D/PhysicalBoneSimulator3D" index="10"]
transform = Transform3D(0.382834, 0.843137, -0.377568, -0.55038, 0.536415, 0.639798, 0.741971, -0.037131, 0.669403, -0.140398, 1.60808, -1.30338)
joint_offset = Transform3D(1, 0, 0, 0, 1, 0, 0, 0, 1, 1.3309, 0.428584, 0.406943)
body_offset = Transform3D(0.494629, -0.567232, -0.658476, 0.496742, 0.806212, -0.321357, 0.713155, -0.16814, 0.680544, -0.147234, -0.875869, -1.15402)

[node name="Physical Bone DEF-handL" parent="ModelRoot/rig_deform/Skeleton3D/PhysicalBoneSimulator3D" index="11"]
transform = Transform3D(0.194229, -0.696167, -0.691105, 0.65792, -0.43012, 0.618173, -0.72761, -0.574759, 0.374481, 1.66752, 2.05747, -1.15165)
joint_offset = Transform3D(1, 0, 0, 0, 1, 0, 0, 0, 1, -1.45214, 0.33154, 0.647471)
body_offset = Transform3D(-0.635143, 0.510215, -0.579893, 0.243309, -0.580389, -0.777142, -0.733073, -0.634689, 0.24449, -0.716012, 1.04892, -1.0124)

[node name="Physical Bone DEF-shoulderR" parent="ModelRoot/rig_deform/Skeleton3D/PhysicalBoneSimulator3D" index="12"]
transform = Transform3D(0.344711, 0.922154, 0.175518, 0.0507221, 0.168408, -0.984412, -0.937338, 0.34824, 0.0112784, 0.0681488, 0.537984, 0.0153866)
joint_offset = Transform3D(1, 0, 0, 0, 1, 0, 0, 0, 1, -0.030772, 0.0834341, -0.861051)
body_offset = Transform3D(0.98089, 0.176307, 0.082288, 0.187388, -0.969865, -0.155712, 0.0523551, 0.168156, -0.984369, 0.0863281, -0.0473901, -0.86001)

[node name="Physical Bone DEF-upper_armR" parent="ModelRoot/rig_deform/Skeleton3D/PhysicalBoneSimulator3D" index="13"]
transform = Transform3D(-0.432939, -0.879965, -0.195514, -0.793422, 0.269052, 0.545979, -0.427839, 0.391501, -0.814666, -0.823187, 0.722758, -0.369154)
joint_offset = Transform3D(1, 0, 0, 0, 1, 0, 0, 0, 1, -0.948448, -0.256309, -0.0477502)
body_offset = Transform3D(-0.743575, 0.292226, 0.601416, 0.54801, 0.781695, 0.297723, -0.383121, 0.550961, -0.741392, -0.601625, 0.734331, -0.257556)

[node name="Physical Bone DEF-upper_armR001" parent="ModelRoot/rig_deform/Skeleton3D/PhysicalBoneSimulator3D" index="14"]
transform = Transform3D(-0.417706, -0.858979, -0.296102, -0.746886, 0.139046, 0.650252, -0.517381, 0.492769, -0.69964, -0.97089, 0.621113, -0.466412)
joint_offset = Transform3D(1, 0, 0, 0, 1, 0, 0, 0, 1, -1.04883, -0.250739, 0.00275284)
body_offset = Transform3D(-0.692844, 0.155693, 0.704079, 0.545457, 0.751799, 0.370508, -0.47164, 0.640749, -0.605803, -0.689575, 0.759577, -0.332341)

[node name="Physical Bone DEF-forearmR" parent="ModelRoot/rig_deform/Skeleton3D/PhysicalBoneSimulator3D" index="15"]
transform = Transform3D(0.263474, -0.65379, 0.709324, -0.926585, 0.033043, 0.37463, -0.268368, -0.755954, -0.597086, -0.281089, 0.221741, -0.341385)
joint_offset = Transform3D(1, 0, 0, 0, 1, 0, 0, 0, 1, -1.1757, -0.0485171, 0.141515)
body_offset = Transform3D(-0.922613, 0.111718, 0.369196, -0.244346, 0.571332, -0.783502, -0.298464, -0.81308, -0.49982, -1.13155, -0.148682, -0.319622)

[node name="Physical Bone DEF-forearmR001" parent="ModelRoot/rig_deform/Skeleton3D/PhysicalBoneSimulator3D" index="16"]
transform = Transform3D(0.442207, -0.155788, 0.88328, -0.512728, 0.764112, 0.391464, -0.735909, -0.62599, 0.258019, -0.155152, 0.687311, -1.34307)
joint_offset = Transform3D(1, 0, 0, 0, 1, 0, 0, 0, 1, -1.47671, -0.22447, 0.213249)
body_offset = Transform3D(-0.492953, 0.806047, 0.327546, -0.489362, 0.05441, -0.870382, -0.71939, -0.589345, 0.367627, -0.616866, -0.524827, -1.27302)

[node name="Physical Bone DEF-handR" parent="ModelRoot/rig_deform/Skeleton3D/PhysicalBoneSimulator3D" index="17"]
transform = Transform3D(-0.00234799, 0.505256, 0.862966, 0.502694, -0.745409, 0.437795, 0.864461, 0.434836, -0.252239, -1.64455, 1.24817, -1.22211)
joint_offset = Transform3D(1, 0, 0, 0, 1, 0, 0, 0, 1, 1.06418, 0.906171, 0.554226)
body_offset = Transform3D(0.450492, -0.800023, 0.396258, -0.149466, -0.505167, -0.84998, 0.88018, 0.323682, -0.34715, 0.0259359, 1.08791, -1.03758)

[node name="Physical Bone DEF-pelvisL" parent="ModelRoot/rig_deform/Skeleton3D/PhysicalBoneSimulator3D" index="18"]
transform = Transform3D(0.862354, 0.472103, 0.182932, 0.00564787, 0.352316, -0.935864, -0.506274, 0.808079, 0.301155, 0.0237884, 0.114654, -0.0228482)
joint_offset = Transform3D(0.815599, 0.578524, 0.0103922, 0.46369, -0.642753, -0.609804, -0.346106, 0.502173, -0.792486, -0.00178671, 0.235299, -0.728865)
body_offset = Transform3D(-0.801497, 0.387233, 0.45569, 0.219335, 0.89928, -0.378403, -0.556322, -0.20334, -0.805703, 0.239589, -0.487012, -0.540397)

[node name="Physical Bone DEF-thighL" parent="ModelRoot/rig_deform/Skeleton3D/PhysicalBoneSimulator3D" index="19"]
transform = Transform3D(0.99976, 0.000187267, -0.0219301, -0.021927, -0.0103584, -0.999706, -0.000414371, 0.999946, -0.0103518, -0.0149586, 0.186385, -0.0223323)
joint_offset = Transform3D(-0.891999, 0.0445856, 0.449832, 0.443379, -0.107527, 0.88986, 0.0880441, 0.993203, 0.0761457, 0.0877047, 0.00308505, -0.749543)
body_offset = Transform3D(0.763921, -0.644077, -0.0398677, 0.0338886, -0.0216545, 0.999191, -0.644415, -0.764648, 0.00528447, -0.094895, 0.746032, 0.0628382)

[node name="Physical Bone DEF-thighL001" parent="ModelRoot/rig_deform/Skeleton3D/PhysicalBoneSimulator3D" index="20"]
transform = Transform3D(0.98086, -0.193666, -0.0201603, -0.0224564, -0.00966762, -0.999701, 0.193414, 0.98102, -0.0138316, -0.00383189, -0.0428934, -0.0294812)
joint_offset = Transform3D(1, 0, 0, 0, 1, 0, 0, 0, 1, 0.0792294, -0.0154007, -0.747341)
body_offset = Transform3D(0.624642, -0.780068, -0.0362728, 0.0279874, -0.0240569, 0.999319, -0.780404, -0.625227, 0.00680502, -0.0886118, 0.744244, 0.0572877)

[node name="Physical Bone DEF-shinL" parent="ModelRoot/rig_deform/Skeleton3D/PhysicalBoneSimulator3D" index="21"]
transform = Transform3D(0.924824, -0.380367, 0.00456309, -0.0128247, -0.0431664, -0.998986, 0.380178, 0.923828, -0.0447994, 0.00981002, -0.289566, -0.0246326)
joint_offset = Transform3D(-4.55099e-06, 0.40273, 0.91532, -2.11596e-06, 0.91532, -0.40273, -1, -3.7696e-06, -3.31345e-06, 0.0681003, -0.0667082, -0.759766)
body_offset = Transform3D(0.461854, -0.886955, 0.00129365, -0.0244205, -0.0112582, 0.999638, -0.886614, -0.461716, -0.02686, -0.0896367, 0.760403, 0.00917118)

[node name="Physical Bone DEF-shinL001" parent="ModelRoot/rig_deform/Skeleton3D/PhysicalBoneSimulator3D" index="22"]
transform = Transform3D(0.976586, -0.215089, -0.0039405, -0.0133309, -0.0422251, -0.999019, 0.214712, 0.975681, -0.0441038, 0.00669515, -0.494801, -0.0268567)
joint_offset = Transform3D(1, 0, 0, 0, 1, 0, 0, 0, 1, 0.0703626, -0.0628029, -0.764335)
body_offset = Transform3D(0.607948, -0.793956, -0.00565634, -0.0139593, -0.0178114, 0.999744, -0.793848, -0.60771, -0.021912, -0.0969629, 0.764003, 0.000943244)

[node name="Physical Bone DEF-footL" parent="ModelRoot/rig_deform/Skeleton3D/PhysicalBoneSimulator3D" index="23"]
transform = Transform3D(0.999843, -0.00719536, -0.0161952, -0.0158397, 0.0469878, -0.99877, 0.00794748, 0.99887, 0.0468665, 0.00121589, -0.750731, -0.0436124)
joint_offset = Transform3D(3.61999e-06, 9.17734e-12, 1, 2.53518e-06, -1, 3.46945e-18, 1, 2.53518e-06, -3.61999e-06, 0.0748714, 0.0292363, -0.821115)
joint_rotation = Vector3(-3.46945e-18, 1.5708, 3.14159)
body_offset = Transform3D(0.999853, -0.00793934, -0.0150326, 0.0147827, 0.84233, 0.538754, 0.00838846, -0.538897, 0.842329, -0.0869717, 0.416645, 0.706776)

[node name="Physical Bone DEF-pelvisR" parent="ModelRoot/rig_deform/Skeleton3D/PhysicalBoneSimulator3D" index="24"]
transform = Transform3D(0.863797, -0.469025, -0.184038, -0.00809908, 0.352298, -0.935853, 0.503775, 0.809878, 0.300515, -0.0235512, 0.128246, -0.0221865)
joint_offset = Transform3D(-0.815599, -0.578524, 0.0103918, 0.463689, -0.642752, 0.609805, -0.346107, 0.502174, 0.792484, -0.000411242, 0.230094, -0.7163)
body_offset = Transform3D(-0.800694, -0.390085, -0.454669, -0.223022, 0.898494, -0.378114, 0.556014, -0.201352, -0.806415, -0.236253, -0.477673, -0.531077)

[node name="Physical Bone DEF-thighR" parent="ModelRoot/rig_deform/Skeleton3D/PhysicalBoneSimulator3D" index="25"]
transform = Transform3D(0.99976, -0.000149539, 0.0219266, 0.0219239, -0.0103445, -0.999706, 0.000376314, 0.999946, -0.0103387, 0.0147319, 0.189484, -0.0223929)
joint_offset = Transform3D(-0.891998, -0.0445856, -0.449833, -0.443379, -0.107527, 0.889861, -0.088044, 0.993202, 0.0761457, -0.0875486, 0.00318416, -0.74644)
joint_rotation = Vector3(-1.09704, -1.40311, -1.80872)
body_offset = Transform3D(0.763907, 0.644094, 0.0398725, -0.0338842, -0.0216674, 0.999191, 0.644438, -0.764641, 0.00527273, 0.0945905, 0.742939, 0.0627901)

[node name="Physical Bone DEF-thighR001" parent="ModelRoot/rig_deform/Skeleton3D/PhysicalBoneSimulator3D" index="26"]
transform = Transform3D(0.980874, 0.193594, 0.0201858, 0.0224822, -0.00967188, -0.9997, -0.19334, 0.981034, -0.0138393, 0.00385626, -0.0449729, -0.0295244)
joint_offset = Transform3D(1, 0, 0, 0, 1, 0, 0, 0, 1, -0.0791963, -0.0153788, -0.749423)
body_offset = Transform3D(0.624711, 0.780013, 0.0362864, -0.0280158, -0.0240507, 0.999318, 0.780355, -0.625303, 0.00682792, 0.0886642, 0.746324, 0.0573018)

[node name="Physical Bone DEF-shinR" parent="ModelRoot/rig_deform/Skeleton3D/PhysicalBoneSimulator3D" index="27"]
transform = Transform3D(0.924927, 0.380118, -0.00455854, 0.0127912, -0.0431046, -0.998989, -0.37993, 0.923933, -0.0447308, -0.0100993, -0.2966, -0.0257714)
joint_offset = Transform3D(-3.61569e-06, -0.5, 0.866026, -7.45058e-09, 0.866025, 0.5, -1, 1.80139e-06, -3.135e-06, -0.0682103, -0.0657805, -0.766846)
body_offset = Transform3D(0.462106, 0.886824, -0.00124727, 0.0244398, -0.0113291, 0.999638, 0.88649, -0.46197, -0.0269089, 0.0888996, 0.767491, 0.0094441)

[node name="Physical Bone DEF-shinR001" parent="ModelRoot/rig_deform/Skeleton3D/PhysicalBoneSimulator3D" index="28"]
transform = Transform3D(0.97658, 0.215117, 0.00393638, 0.0133358, -0.0422607, -0.999018, -0.214739, 0.975674, -0.0441397, -0.00664767, -0.495478, -0.0269156)
joint_offset = Transform3D(1, 0, 0, 0, 1, 0, 0, 0, 1, -0.070408, -0.0628127, -0.765011)
body_offset = Transform3D(0.607937, 0.793965, 0.00562859, 0.0139567, -0.017774, 0.999745, 0.793864, -0.607705, -0.0218865, 0.0969807, 0.764683, 0.000979444)

[node name="Physical Bone DEF-footR" parent="ModelRoot/rig_deform/Skeleton3D/PhysicalBoneSimulator3D" index="29"]
transform = Transform3D(0.999845, 0.00710891, 0.0161216, 0.0157711, 0.0468757, -0.998776, -0.00785592, 0.998875, 0.0467563, -0.00176696, -0.746973, -0.0424915)
joint_offset = Transform3D(3.61999e-06, 9.17734e-12, 1, 2.53518e-06, -1, 3.46945e-18, 1, 2.53518e-06, -3.61999e-06, -0.0744279, 0.0278612, -0.817401)
joint_rotation = Vector3(-3.46945e-18, 1.5708, 3.14159)
body_offset = Transform3D(0.999858, 0.0078491, 0.0149636, -0.0146762, 0.842397, 0.53866, -0.00837629, -0.538803, 0.842392, 0.0864299, 0.415739, 0.70296)

[node name="player_model" parent="ModelRoot" index="3" instance=ExtResource("2_kwwlw")]

[node name="CC_Base_Body_006" parent="ModelRoot/player_model/rig_deform/Skeleton3D" index="0"]
transform = Transform3D(1, -1.49014e-08, 1.1633e-10, 1.49014e-08, 1, 2.99188e-08, -1.16472e-10, 1.47847e-08, 1, 0.000490189, 0.157215, 0.0164456)

[node name="CC_Base_Body_006" parent="ModelRoot/player_model/rig_deform/Skeleton3D/CC_Base_Body_006" index="0"]
visible = false

[node name="Body_005" parent="ModelRoot/player_model/rig_deform/Skeleton3D" index="1"]
layers = 4
skeleton = NodePath("../../../../rig_deform/Skeleton3D")

[node name="Bottom_002" parent="ModelRoot/player_model/rig_deform/Skeleton3D" index="2"]
layers = 4
skeleton = NodePath("../../../../rig_deform/Skeleton3D")

[node name="CC_Base_Body_005" parent="ModelRoot/player_model/rig_deform/Skeleton3D" index="3"]
layers = 4
skeleton = NodePath("../../../../rig_deform/Skeleton3D")

[node name="CC_Base_Body_007" parent="ModelRoot/player_model/rig_deform/Skeleton3D" index="4"]
layers = 4
skeleton = NodePath("../../../../rig_deform/Skeleton3D")

[node name="CC_Base_Eye_001" parent="ModelRoot/player_model/rig_deform/Skeleton3D" index="5"]
layers = 4
skeleton = NodePath("../../../../rig_deform/Skeleton3D")

[node name="CC_Base_Teeth_001" parent="ModelRoot/player_model/rig_deform/Skeleton3D" index="6"]
layers = 4
skeleton = NodePath("../../../../rig_deform/Skeleton3D")

[node name="HairCards" parent="ModelRoot/player_model/rig_deform/Skeleton3D" index="7"]
layers = 4
skeleton = NodePath("../../../../rig_deform/Skeleton3D")

[node name="InnerShirtLP_004" parent="ModelRoot/player_model/rig_deform/Skeleton3D" index="8"]
layers = 4
skeleton = NodePath("../../../../rig_deform/Skeleton3D")

[node name="InnerShirtLP_005" parent="ModelRoot/player_model/rig_deform/Skeleton3D" index="9"]
layers = 4
skeleton = NodePath("../../../../rig_deform/Skeleton3D")

[node name="Vert_001" parent="ModelRoot/player_model/rig_deform/Skeleton3D" index="10"]
layers = 4
skeleton = NodePath("../../../../rig_deform/Skeleton3D")

[node name="MainCamera" type="Camera3D" parent="ModelRoot" index="4"]
transform = Transform3D(-1, 0, -8.74228e-08, 0, 1, 0, 8.74228e-08, 0, -1, 0, 1.6, 0)
cull_mask = 1
current = true
far = 1000.0

[node name="CharacterAnimationTree" parent="." index="7"]
parameters/movement/blend_position = Vector2(1.45519e-11, 1.45519e-11)
parameters/movement_crouch/blend_position = Vector2(1.45519e-11, 1.45519e-11)

[node name="PlayerController" type="Node" parent="." index="8"]
script = ExtResource("6")

[node name="OmniLight3D" type="OmniLight3D" parent="." index="9"]
transform = Transform3D(1, 0, 0, 0, 1, 0, 0, 0, 1, 0, 2, 0)
omni_range = 10.0

[editable path="ModelRoot/player_model"]
