[gd_scene load_steps=7 format=3 uid="uid://6msa32pxnbrk"]

[ext_resource type="PackedScene" uid="uid://daf3jm6dh7y8a" path="res://scenes/characters/humanoid_character_base/humanoid_character_base.tscn" id="1_ta1ky"]
[ext_resource type="Script" path="res://scenes/characters/player/player.gd" id="2_2y1xt"]
[ext_resource type="PackedScene" uid="uid://de3r2tkumo27a" path="res://resources/models/characters/player/player_model.glb" id="2_kwwlw"]
[ext_resource type="Script" path="res://scenes/characters/player/interact_and_grab.gd" id="5_kd2t2"]
[ext_resource type="Script" path="res://scenes/characters/player/player_controller.gd" id="6"]

[sub_resource type="CylinderShape3D" id="CylinderShape3D_ajeom"]
resource_local_to_scene = true
height = 1.5
radius = 0.2

[node name="Player" instance=ExtResource("1_ta1ky")]
collision_layer = 2
collision_mask = 531
script = ExtResource("2_2y1xt")

[node name="CharacterCollision" parent="." index="3"]
transform = Transform3D(1, 0, 0, 0, 1, 0, 0, 0, 1, 0, 0.95, 0)
shape = SubResource("CylinderShape3D_ajeom")
height = 1.7

[node name="ModelRoot" parent="." index="5" node_paths=PackedStringArray("glb_root")]
glb_root = NodePath("player_model")

[node name="Skeleton3D" parent="ModelRoot/rig_deform" index="0"]
bones/0/rotation = Quaternion(0.133821, 0, 0, 0.991006)
bones/1/rotation = Quaternion(-0.0684506, 1.18934e-07, -8.16028e-09, 0.997655)
bones/2/rotation = Quaternion(-0.0825992, -1.18802e-07, -9.8472e-09, 0.996583)
bones/3/rotation = Quaternion(0.00173603, 9.1132e-14, 2.32306e-14, 0.999999)
bones/4/rotation = Quaternion(-0.153373, 1.16961e-07, -1.91684e-08, 0.988168)
bones/5/rotation = Quaternion(0.278235, 3.55282e-09, 7.06268e-08, 0.960513)
bones/6/rotation = Quaternion(-0.112498, -1.21429e-07, -1.64619e-08, 0.993652)
bones/7/rotation = Quaternion(0.0288476, -0.106983, -0.0766959, 0.990879)
bones/8/rotation = Quaternion(-0.532334, 0.0139487, -0.360117, 0.765991)
bones/9/rotation = Quaternion(0.77024, 0.0170047, 0.637446, 0.0101986)
bones/10/rotation = Quaternion(0.708402, 0.0543756, 0.571005, 0.411295)
bones/11/rotation = Quaternion(-0.0231946, -0.368115, 0.201336, 0.907423)
bones/12/rotation = Quaternion(0.0288476, 0.106983, 0.0766959, 0.990879)
bones/13/rotation = Quaternion(-0.532334, -0.0139487, 0.360117, 0.765991)
bones/14/rotation = Quaternion(0.77024, -0.0170047, -0.637446, 0.0101986)
bones/15/rotation = Quaternion(0.708402, -0.0543756, -0.571005, 0.411295)
bones/16/rotation = Quaternion(-0.0231946, 0.368115, -0.201336, 0.907423)
bones/17/rotation = Quaternion(-0.687286, -1.32019e-10, -1.40605e-10, 0.726387)
bones/18/rotation = Quaternion(-0.438325, -6.37574e-11, -1.38409e-10, 0.898816)
bones/19/rotation = Quaternion(-0.715018, -1.38454e-10, -1.35064e-10, 0.699106)
bones/20/rotation = Quaternion(-0.161435, 0.551542, 0.797115, 0.185333)
bones/21/rotation = Quaternion(0.161435, 0.551542, 0.797115, -0.185333)
bones/22/rotation = Quaternion(4.87802e-07, 0.687288, 0.726385, 4.61546e-07)
bones/23/rotation = Quaternion(0.804512, 0.553364, 0.186022, -0.109293)
bones/24/rotation = Quaternion(0.761488, 0.615996, 0.140006, -0.145199)
bones/25/rotation = Quaternion(0.561294, 0.768888, -0.00404874, -0.306175)
bones/26/rotation = Quaternion(0.485182, 0.702761, -0.201777, -0.479596)
bones/27/rotation = Quaternion(-0.530843, 0.689254, 0.234509, -0.433752)
bones/28/rotation = Quaternion(-0.615851, 0.723577, 0.089527, -0.298578)
bones/29/rotation = Quaternion(0.783643, -0.606105, 0.126495, 0.0504012)
bones/30/rotation = Quaternion(0.859252, -0.485734, 0.152959, 0.0484986)
bones/31/rotation = Quaternion(4.87802e-07, 0.687286, 0.726387, 4.61545e-07)
bones/32/rotation = Quaternion(4.87795e-07, 0.687297, 0.726377, 4.61551e-07)
bones/33/rotation = Quaternion(-4.87802e-07, 0.687288, 0.726385, -4.61546e-07)
bones/34/rotation = Quaternion(0.804512, -0.553364, -0.186022, -0.109293)
bones/35/rotation = Quaternion(0.761488, -0.615996, -0.140006, -0.145199)
bones/36/rotation = Quaternion(-0.561294, 0.768888, -0.00404874, 0.306175)
bones/37/rotation = Quaternion(-0.485182, 0.702761, -0.201777, 0.479596)
bones/38/rotation = Quaternion(0.530843, 0.689254, 0.234509, 0.433752)
bones/39/rotation = Quaternion(0.615852, 0.723577, 0.0895265, 0.298578)
bones/40/rotation = Quaternion(0.783643, 0.606105, -0.126495, 0.0504012)
bones/41/rotation = Quaternion(0.859252, 0.485734, -0.152959, 0.0484986)
bones/42/rotation = Quaternion(-4.87802e-07, 0.687286, 0.726387, -4.61545e-07)
bones/43/rotation = Quaternion(-4.87795e-07, 0.687297, 0.726377, -4.61551e-07)
bones/44/rotation = Quaternion(-0.687288, -1.32062e-10, -1.40771e-10, 0.726385)
bones/45/rotation = Quaternion(-0.580966, -1.03255e-10, -1.51051e-10, 0.813928)
bones/46/rotation = Quaternion(-0.755582, -1.45497e-10, -1.23694e-10, 0.655054)
bones/47/rotation = Quaternion(0.953763, 1.06644e-10, 2.9972e-11, -0.300559)
bones/48/rotation = Quaternion(0.976892, 5.08939e-08, 2.32992e-07, 0.213733)
bones/49/rotation = Quaternion(0.167519, 1.17538e-07, 2.00363e-08, 0.985869)
bones/50/rotation = Quaternion(-0.0559451, 1.19025e-07, -6.69045e-09, 0.998434)
bones/51/rotation = Quaternion(0.761272, 1.70053e-06, 1.99675e-06, 0.648432)
bones/52/rotation = Quaternion(0.996818, -0.0788991, -0.0063497, 0.00946233)
bones/53/rotation = Quaternion(0.901903, -0.261764, -0.0250844, 0.342669)
bones/54/rotation = Quaternion(0.160663, -0.489623, -0.0568285, 0.855118)
bones/55/rotation = Quaternion(0.996818, 0.0788991, 0.0063497, 0.00946233)
bones/56/rotation = Quaternion(0.901902, 0.261765, 0.0250845, 0.342669)
bones/57/rotation = Quaternion(0.160663, 0.489623, 0.0568285, 0.855118)
bones/58/rotation = Quaternion(-0.538947, -0.438361, -0.430417, 0.576296)
bones/59/rotation = Quaternion(-0.767758, -0.256156, -0.274376, 0.519278)
bones/60/rotation = Quaternion(-0.538947, 0.438361, 0.430417, 0.576296)
bones/61/rotation = Quaternion(-0.767758, 0.256156, 0.274376, 0.519278)
bones/62/rotation = Quaternion(-0.472076, -0.423289, -0.355545, 0.686701)
bones/63/rotation = Quaternion(-0.461599, -0.347407, -0.369331, 0.727894)
bones/64/rotation = Quaternion(-0.472076, 0.423289, 0.355545, 0.686701)
bones/65/rotation = Quaternion(-0.461599, 0.347407, 0.369331, 0.727894)
bones/66/rotation = Quaternion(0.0797714, 0.563002, 0.534968, 0.62488)
bones/67/rotation = Quaternion(-0.0494923, 0.411432, 0.671592, 0.614197)
bones/68/rotation = Quaternion(-0.259868, 0.193466, 0.710546, 0.624631)
bones/69/rotation = Quaternion(-0.334316, 0.0963439, 0.839809, 0.416738)
bones/70/rotation = Quaternion(-0.388676, 0.155982, 0.906911, 0.0459655)
bones/71/rotation = Quaternion(-0.255707, 0.145191, 0.955434, -0.0260809)
bones/72/rotation = Quaternion(0.0797714, -0.563002, -0.534968, 0.62488)
bones/73/rotation = Quaternion(-0.0494923, -0.411432, -0.671592, 0.614197)
bones/74/rotation = Quaternion(-0.259868, -0.193466, -0.710546, 0.624631)
bones/75/rotation = Quaternion(0.334316, 0.0963439, 0.839809, -0.416738)
bones/76/rotation = Quaternion(0.388676, 0.155982, 0.906911, -0.0459655)
bones/77/rotation = Quaternion(0.255707, 0.145191, 0.955434, 0.0260809)
bones/78/rotation = Quaternion(0.319761, -0.314359, -0.0891939, 0.889368)
bones/79/rotation = Quaternion(0.553474, -0.402176, 0.214061, 0.697208)
bones/80/rotation = Quaternion(0.693784, -0.387003, 0.429506, 0.429438)
bones/81/rotation = Quaternion(0.72896, -0.343871, 0.550591, 0.217301)
bones/82/rotation = Quaternion(0.319761, 0.314359, 0.0891939, 0.889368)
bones/83/rotation = Quaternion(0.553474, 0.402176, -0.214061, 0.697208)
bones/84/rotation = Quaternion(0.693784, 0.387004, -0.429506, 0.429438)
bones/85/rotation = Quaternion(0.72896, 0.343871, -0.550591, 0.217301)
bones/86/rotation = Quaternion(-0.399035, -0.341813, -0.27356, 0.805667)
bones/87/rotation = Quaternion(-0.15598, -0.302609, -0.025303, 0.939924)
bones/88/rotation = Quaternion(-0.399035, 0.341813, 0.273559, 0.805668)
bones/89/rotation = Quaternion(-0.15598, 0.302609, 0.025303, 0.939924)
bones/90/rotation = Quaternion(0.803177, -0.367013, -0.423617, 0.201881)
bones/91/rotation = Quaternion(-0.396133, 0.913681, -0.00501159, -0.0907803)
bones/92/rotation = Quaternion(0.803177, 0.367013, 0.423617, 0.201881)
bones/93/rotation = Quaternion(0.396133, 0.913681, -0.00501159, 0.0907803)
bones/94/rotation = Quaternion(0.71564, 0.111775, 0.686199, 0.0670548)
bones/95/rotation = Quaternion(0.797574, 0.162423, 0.575749, 0.0775121)
bones/96/rotation = Quaternion(0.926259, 0.128593, 0.33256, 0.122119)
bones/97/rotation = Quaternion(0.71564, -0.111775, -0.686199, 0.0670548)
bones/98/rotation = Quaternion(0.797574, -0.162423, -0.575749, 0.077512)
bones/99/rotation = Quaternion(0.926259, -0.128593, -0.33256, 0.122119)
bones/100/rotation = Quaternion(0.97003, 5.78639e-08, 2.31374e-07, 0.242985)
bones/101/rotation = Quaternion(0.985186, 6.1279e-08, 3.52414e-07, 0.171487)
bones/102/rotation = Quaternion(0.999052, -5.17262e-09, 1.19106e-07, -0.043531)
bones/103/rotation = Quaternion(0.999478, 0.0287961, -0.0120189, -0.0083318)
bones/104/rotation = Quaternion(0.999478, -0.0287961, 0.0120189, -0.0083318)
bones/106/rotation = Quaternion(-0.606453, -0.343202, -0.353041, 0.624331)
bones/107/rotation = Quaternion(-0.606453, 0.343202, 0.353041, 0.624331)
bones/108/rotation = Quaternion(5.41925e-08, 0.69625, 0.717799, 5.25655e-08)
bones/109/rotation = Quaternion(5.41925e-08, 0.69625, 0.717799, 5.25655e-08)
bones/110/rotation = Quaternion(-0.0351674, 0.0964581, -0.714886, 0.691663)
bones/112/rotation = Quaternion(0.1549, -3.15873e-05, 0.000227247, 0.98793)
bones/114/rotation = Quaternion(-0.128196, -0.00212427, -0.0187969, 0.991568)
bones/115/rotation = Quaternion(0.0548519, 0.803402, 0.0359452, 0.591815)
bones/116/rotation = Quaternion(0.074382, 0.00471997, 0.0193595, 0.997031)
bones/117/rotation = Quaternion(0.0393576, 0.00168742, -0.0123884, 0.999147)
bones/118/rotation = Quaternion(0.143636, 0.880181, 0.450519, -0.0410079)
bones/119/rotation = Quaternion(0.136054, 0.0021787, -0.0164643, 0.990562)
bones/120/rotation = Quaternion(0.0630606, -2.54512e-05, 0.037809, 0.997293)
bones/121/rotation = Quaternion(0.102607, 0.697997, 0.0503164, 0.706923)
bones/122/rotation = Quaternion(0.0737695, 0.802861, 0.0423006, 0.59007)
bones/123/rotation = Quaternion(0.0504758, 0.00276824, 0.00209124, 0.998719)
bones/124/rotation = Quaternion(0.035366, 0.00184773, -0.00705154, 0.999348)
bones/125/rotation = Quaternion(0.0716504, 0.694918, 0.0104158, 0.715434)
bones/126/rotation = Quaternion(0.0910978, 0.858081, 0.0449008, 0.503371)
bones/127/rotation = Quaternion(0.0411618, 0.00049099, -0.00418752, 0.999144)
bones/128/rotation = Quaternion(-0.018087, -9.0673e-05, 0.00710265, 0.999811)
bones/129/rotation = Quaternion(0.040333, 0.679008, -0.0124321, 0.732917)
bones/130/rotation = Quaternion(0.0721607, 0.700983, 0.0458411, 0.708036)
bones/131/rotation = Quaternion(0.0181739, 0.000164178, -0.00449279, 0.999825)
bones/132/rotation = Quaternion(0.0353686, -8.6082e-05, 0.00963287, 0.999328)
bones/133/rotation = Quaternion(0.0444725, 0.685155, -0.0697729, 0.723683)
bones/134/rotation = Quaternion(-0.0694547, -0.0536738, 0.72355, 0.684668)
bones/136/rotation = Quaternion(0.136498, -8.52082e-05, 0.000715412, 0.99064)
bones/138/rotation = Quaternion(-0.118458, 0.000475989, 0.00455341, 0.992949)
bones/139/rotation = Quaternion(0.0567019, -0.834151, -0.0329479, 0.547623)
bones/140/rotation = Quaternion(0.0743779, -0.00471876, -0.0193759, 0.997031)
bones/141/rotation = Quaternion(0.0393603, -0.00168734, 0.0123799, 0.999147)
bones/142/rotation = Quaternion(-0.167646, 0.876693, 0.442146, 0.0883809)
bones/143/rotation = Quaternion(0.136056, -0.00217645, 0.016447, 0.990562)
bones/144/rotation = Quaternion(0.0630561, 2.61373e-05, -0.0378169, 0.997293)
bones/145/rotation = Quaternion(0.105161, -0.735107, -0.0447333, 0.66825)
bones/146/rotation = Quaternion(0.0759338, -0.833517, -0.038278, 0.54591)
bones/147/rotation = Quaternion(0.0504754, -0.00276779, -0.00210221, 0.998719)
bones/148/rotation = Quaternion(0.0353676, -0.00184749, 0.00704383, 0.999348)
bones/149/rotation = Quaternion(0.0721051, -0.732493, -0.00655326, 0.676913)
bones/150/rotation = Quaternion(-0.0933765, 0.88398, 0.0399433, -0.45636)
bones/151/rotation = Quaternion(0.0411627, -0.000490894, 0.00417858, 0.999144)
bones/152/rotation = Quaternion(-0.0180885, 9.10997e-05, -0.00709874, 0.999811)
bones/153/rotation = Quaternion(0.0396057, -0.717549, 0.0145793, 0.695228)
bones/154/rotation = Quaternion(0.0745176, -0.738149, -0.0418999, 0.669199)
bones/155/rotation = Quaternion(0.0181748, -0.000164201, 0.00448882, 0.999825)
bones/156/rotation = Quaternion(0.0353665, 8.6438e-05, -0.00964059, 0.999328)
bones/157/rotation = Quaternion(0.0406591, -0.723188, 0.0720598, 0.685677)
bones/158/rotation = Quaternion(-0.153935, -0.791702, -0.292759, 0.513618)
bones/159/rotation = Quaternion(-0.153935, 0.791702, 0.292759, 0.513618)
bones/160/rotation = Quaternion(0.93248, -0.034886, -0.341376, 0.112816)
bones/162/rotation = Quaternion(0.0207074, 1.24239e-05, -0.000648707, 0.999785)
bones/164/rotation = Quaternion(-0.49809, 0.294159, 0.17611, 0.796469)
bones/165/rotation = Quaternion(-0.000172234, 0.966113, -0.25812, -0.000688557)
bones/166/rotation = Quaternion(0.932482, 0.0348854, 0.341369, 0.112816)
bones/168/rotation = Quaternion(0.0207077, -1.19937e-05, 0.000648443, 0.999785)
bones/170/rotation = Quaternion(-0.498093, -0.294154, -0.176104, 0.79647)
bones/171/rotation = Quaternion(0.000169923, 0.966113, -0.258119, 0.000691782)

[node name="Physical Bone DEF-spine" parent="ModelRoot/rig_deform/Skeleton3D/PhysicalBoneSimulator3D" index="0"]
transform = Transform3D(1, 1.09408e-08, -5.9357e-08, -5.93882e-08, 0.00287145, -0.999996, -1.07703e-08, 0.999996, 0.00287145, 4.49586e-07, 0.11746, 0.0255847)
joint_offset = Transform3D(1, 0, 0, 0, 1, 0, 0, 0, 1, -4.58374e-07, -0.0747007, -0.76242)
body_offset = Transform3D(1, 1.09408e-08, -5.9357e-08, -6.01178e-08, 0.268002, -0.963418, 5.36724e-09, 0.963418, 0.268002, 4.13936e-07, -0.714509, 0.276298)

[node name="Physical Bone DEF-spine001" parent="ModelRoot/rig_deform/Skeleton3D/PhysicalBoneSimulator3D" index="1"]
transform = Transform3D(0.986007, 0.166702, 4.47516e-05, -5.54286e-05, 0.0005963, -1, -0.166702, 0.986007, 0.000597196, 0.0131138, 0.243594, 0.0600037)
joint_offset = Transform3D(1, 0, 0, 0, 1, 0, 0, 0, 1, -0.000304863, -0.0766567, -0.764504)
body_offset = Transform3D(0.986007, 0.166703, 4.47305e-05, -0.0219031, 0.129818, -0.991296, -0.165257, 0.977424, 0.131653, 0.0131137, -0.747905, 0.175525)

[node name="Physical Bone DEF-spine002" parent="ModelRoot/rig_deform/Skeleton3D/PhysicalBoneSimulator3D" index="2"]
transform = Transform3D(0.940991, 0.335286, 0.0460343, 0.043509, 0.0150437, -0.99894, -0.335623, 0.941996, -0.00043195, 0.0636127, 0.367019, 0.0695862)
joint_offset = Transform3D(1, 0, 0, 0, 1, 0, 0, 0, 1, -0.00334982, -0.0758082, -0.76124)
body_offset = Transform3D(0.940991, 0.335286, 0.0460343, 0.0548754, -0.0169376, -0.998349, -0.333953, 0.941964, -0.0343371, 0.0636127, -0.761083, 0.0441511)

[node name="Physical Bone DEF-spine003" parent="ModelRoot/rig_deform/Skeleton3D/PhysicalBoneSimulator3D" index="3"]
transform = Transform3D(0.646996, 0.758232, 0.0804986, 0.0674414, 0.048253, -0.996556, -0.759505, 0.650197, -0.0199167, 0.121591, 0.538863, 0.0237687)
joint_offset = Transform3D(1, 0, 0, 0, 1, 0, 0, 0, 1, -0.00669253, -0.0756119, -0.744481)
body_offset = Transform3D(0.646996, 0.758232, 0.0804985, 0.090553, 0.0284184, -0.995486, -0.757097, 0.651365, -0.0502736, 0.121591, -0.738366, 0.00675626)

[node name="Physical Bone DEF-spine004" parent="ModelRoot/rig_deform/Skeleton3D/PhysicalBoneSimulator3D" index="4"]
transform = Transform3D(0.864432, 0.498682, 0.063819, 0.0648072, 0.0153521, -0.99778, -0.498555, 0.866649, -0.0190474, 0.0906969, 0.637755, 0.0322053)
joint_offset = Transform3D(1, 0, 0, 0, 1, 0, 0, 0, 1, -0.0047894, -0.0699392, -0.809783)
body_offset = Transform3D(0.864432, 0.498682, 0.0638188, 0.226658, -0.273258, -0.934856, -0.448757, 0.822585, -0.349244, 0.0906969, -0.775056, -0.22743)

[node name="Physical Bone DEF-spine005" parent="ModelRoot/rig_deform/Skeleton3D/PhysicalBoneSimulator3D" index="5"]
transform = Transform3D(0.843223, 0.532609, 0.0728248, 0.0703102, 0.0250363, -0.997211, -0.532947, 0.845991, -0.0163366, 0.0987332, 0.689965, 0.0258312)
joint_offset = Transform3D(1, 0, 0, 0, 1, 0, 0, 0, 1, -0.00316242, -0.0725918, -0.788241)
body_offset = Transform3D(0.843223, 0.532609, 0.0728247, -0.0506199, 0.21354, -0.975622, -0.535176, 0.81898, 0.207022, 0.0987331, -0.753684, 0.220942)

[node name="Physical Bone DEF-shoulderL" parent="ModelRoot/rig_deform/Skeleton3D/PhysicalBoneSimulator3D" index="6"]
transform = Transform3D(0.559826, 0.816368, 0.14191, 0.07744, 0.118966, -0.989874, -0.824984, 0.565147, 0.00338079, 0.0515269, 0.54544, -0.0536509)
joint_offset = Transform3D(1, 0, 0, 0, 1, 0, 0, 0, 1, -0.0502037, 0.139215, -0.848582)
body_offset = Transform3D(-0.418578, 0.905123, 0.0744578, 0.904774, 0.40851, 0.120428, 0.0785852, 0.117776, -0.989926, -0.0838374, 0.0907453, -0.852484)

[node name="Physical Bone DEF-upper_armL" parent="ModelRoot/rig_deform/Skeleton3D/PhysicalBoneSimulator3D" index="7"]
transform = Transform3D(-0.235594, 0.907267, -0.348371, 0.966682, 0.255692, 0.0121611, 0.100109, -0.333899, -0.937278, 0.351343, 0.448968, -0.0647273)
joint_offset = Transform3D(1, 0, 0, 0, 1, 0, 0, 0, 1, 0.945158, 0.0672433, 0.0344124)
body_offset = Transform3D(-0.960218, -0.274456, 0.0515182, -0.279239, 0.945333, -0.168439, -0.00247259, -0.176125, -0.984365, 0.92424, 0.206154, 0.0480546)

[node name="Physical Bone DEF-upper_armL001" parent="ModelRoot/rig_deform/Skeleton3D/PhysicalBoneSimulator3D" index="8"]
transform = Transform3D(-0.136724, 0.975972, -0.169665, 0.794205, 0.210363, 0.570076, 0.592069, -0.0568062, -0.803883, 0.447902, 0.403951, -0.582914)
joint_offset = Transform3D(1, 0, 0, 0, 1, 0, 0, 0, 1, 1.10605, 0.041677, 0.149029)
body_offset = Transform3D(-0.818113, -0.246651, -0.519475, -0.268283, 0.962719, -0.0345926, 0.50864, 0.111066, -0.853785, 0.992569, 0.261766, -0.43997)

[node name="Physical Bone DEF-forearmL" parent="ModelRoot/rig_deform/Skeleton3D/PhysicalBoneSimulator3D" index="9"]
transform = Transform3D(0.410324, 0.886632, -0.213349, 0.347426, 0.0643221, 0.935499, 0.843166, -0.45798, -0.281646, -0.320378, 0.680306, -0.833665)
joint_offset = Transform3D(1, 0, 0, 0, 1, 0, 0, 0, 1, 1.19409, 0.377222, 0.269947)
body_offset = Transform3D(-0.407641, -0.0757444, -0.909995, 0.49471, 0.819313, -0.289806, 0.767523, -0.568321, -0.296514, 0.760983, -0.821559, -0.622065)

[node name="Physical Bone DEF-forearmL001" parent="ModelRoot/rig_deform/Skeleton3D/PhysicalBoneSimulator3D" index="10"]
transform = Transform3D(0.382833, 0.843137, -0.377569, -0.55038, 0.536415, 0.639798, 0.741971, -0.0371298, 0.669403, -0.140397, 1.60809, -1.30338)
joint_offset = Transform3D(1, 0, 0, 0, 1, 0, 0, 0, 1, 1.3309, 0.428582, 0.406942)
body_offset = Transform3D(0.494629, -0.567232, -0.658476, 0.496742, 0.806212, -0.321357, 0.713155, -0.16814, 0.680544, -0.147236, -0.87587, -1.15402)

[node name="Physical Bone DEF-handL" parent="ModelRoot/rig_deform/Skeleton3D/PhysicalBoneSimulator3D" index="11"]
transform = Transform3D(0.194231, -0.696166, -0.691106, 0.657921, -0.430119, 0.618173, -0.727609, -0.574761, 0.37448, 1.66752, 2.05747, -1.15165)
joint_offset = Transform3D(1, 0, 0, 0, 1, 0, 0, 0, 1, -1.45214, 0.331541, 0.647472)
body_offset = Transform3D(-0.635143, 0.510215, -0.579892, 0.243309, -0.580389, -0.777142, -0.733072, -0.634689, 0.24449, -0.716012, 1.04892, -1.0124)

[node name="Physical Bone DEF-shoulderR" parent="ModelRoot/rig_deform/Skeleton3D/PhysicalBoneSimulator3D" index="12"]
transform = Transform3D(0.344712, 0.922154, 0.175519, 0.0507227, 0.168408, -0.984411, -0.937337, 0.348241, 0.0112781, 0.0681496, 0.537985, 0.0153866)
joint_offset = Transform3D(1, 0, 0, 0, 1, 0, 0, 0, 1, -0.0307722, 0.0834337, -0.86105)
body_offset = Transform3D(0.98089, 0.176307, 0.0822879, 0.187388, -0.969866, -0.155712, 0.0523552, 0.168156, -0.984369, 0.0863282, -0.04739, -0.86001)

[node name="Physical Bone DEF-upper_armR" parent="ModelRoot/rig_deform/Skeleton3D/PhysicalBoneSimulator3D" index="13"]
transform = Transform3D(-0.432939, -0.879965, -0.195515, -0.793422, 0.269051, 0.54598, -0.427839, 0.391501, -0.814666, -0.823186, 0.722758, -0.369155)
joint_offset = Transform3D(1, 0, 0, 0, 1, 0, 0, 0, 1, -0.948448, -0.256307, -0.0477506)
body_offset = Transform3D(-0.743575, 0.292225, 0.601415, 0.54801, 0.781696, 0.297724, -0.383121, 0.550961, -0.741391, -0.601625, 0.73433, -0.257557)

[node name="Physical Bone DEF-upper_armR001" parent="ModelRoot/rig_deform/Skeleton3D/PhysicalBoneSimulator3D" index="14"]
transform = Transform3D(-0.417706, -0.858979, -0.296103, -0.746885, 0.139044, 0.650253, -0.517382, 0.49277, -0.699638, -0.97089, 0.621113, -0.466412)
joint_offset = Transform3D(1, 0, 0, 0, 1, 0, 0, 0, 1, -1.04883, -0.25074, 0.00275289)
body_offset = Transform3D(-0.692844, 0.155692, 0.704079, 0.545457, 0.751799, 0.370508, -0.47164, 0.640749, -0.605802, -0.689575, 0.759577, -0.332341)

[node name="Physical Bone DEF-forearmR" parent="ModelRoot/rig_deform/Skeleton3D/PhysicalBoneSimulator3D" index="15"]
transform = Transform3D(0.263474, -0.65379, 0.709324, -0.926585, 0.0330432, 0.37463, -0.268368, -0.755955, -0.597086, -0.281089, 0.221736, -0.341386)
joint_offset = Transform3D(1, 0, 0, 0, 1, 0, 0, 0, 1, -1.17571, -0.0485177, 0.141516)
body_offset = Transform3D(-0.922613, 0.111718, 0.369195, -0.244346, 0.571332, -0.783503, -0.298464, -0.81308, -0.49982, -1.13155, -0.148682, -0.319623)

[node name="Physical Bone DEF-forearmR001" parent="ModelRoot/rig_deform/Skeleton3D/PhysicalBoneSimulator3D" index="16"]
transform = Transform3D(0.442207, -0.155788, 0.88328, -0.512728, 0.764111, 0.391463, -0.735909, -0.62599, 0.258019, -0.15515, 0.687311, -1.34307)
joint_offset = Transform3D(1, 0, 0, 0, 1, 0, 0, 0, 1, -1.47671, -0.224471, 0.213247)
body_offset = Transform3D(-0.492954, 0.806046, 0.327545, -0.489362, 0.0544097, -0.870383, -0.71939, -0.589346, 0.367627, -0.616866, -0.524828, -1.27302)

[node name="Physical Bone DEF-handR" parent="ModelRoot/rig_deform/Skeleton3D/PhysicalBoneSimulator3D" index="17"]
transform = Transform3D(-0.00234869, 0.505255, 0.862967, 0.502693, -0.745409, 0.437795, 0.864462, 0.434836, -0.252238, -1.64455, 1.24818, -1.22211)
joint_offset = Transform3D(1, 0, 0, 0, 1, 0, 0, 0, 1, 1.06418, 0.906172, 0.554228)
body_offset = Transform3D(0.450492, -0.800023, 0.396257, -0.149466, -0.505166, -0.849982, 0.88018, 0.323682, -0.347149, 0.0259382, 1.08791, -1.03758)

[node name="Physical Bone DEF-pelvisL" parent="ModelRoot/rig_deform/Skeleton3D/PhysicalBoneSimulator3D" index="18"]
transform = Transform3D(0.862354, 0.472102, 0.182933, 0.00564835, 0.352316, -0.935864, -0.506274, 0.80808, 0.301155, 0.0237882, 0.114654, -0.0228481)
joint_offset = Transform3D(0.815599, 0.578524, 0.0103922, 0.46369, -0.642753, -0.609804, -0.346106, 0.502173, -0.792486, -0.00178614, 0.235299, -0.728865)
body_offset = Transform3D(-0.801497, 0.387233, 0.45569, 0.219335, 0.89928, -0.378402, -0.556322, -0.20334, -0.805704, 0.239589, -0.487012, -0.540397)

[node name="Physical Bone DEF-thighL" parent="ModelRoot/rig_deform/Skeleton3D/PhysicalBoneSimulator3D" index="19"]
transform = Transform3D(0.999759, 0.0001857, -0.0219297, -0.0219266, -0.010358, -0.999706, -0.000412792, 0.999946, -0.0103514, -0.0149586, 0.186388, -0.0223322)
joint_offset = Transform3D(-0.891999, 0.0445856, 0.449832, 0.443379, -0.107527, 0.88986, 0.0880441, 0.993203, 0.0761457, 0.087705, 0.00308517, -0.749541)
joint_rotation = Vector3(-1.09704, 1.40311, 1.80872)
body_offset = Transform3D(0.76392, -0.644078, -0.0398677, 0.0338885, -0.0216547, 0.999191, -0.644414, -0.764645, 0.0052843, -0.094895, 0.746029, 0.0628382)

[node name="Physical Bone DEF-thighL001" parent="ModelRoot/rig_deform/Skeleton3D/PhysicalBoneSimulator3D" index="20"]
transform = Transform3D(0.98086, -0.193668, -0.02016, -0.022456, -0.00966735, -0.999701, 0.193416, 0.981019, -0.0138313, -0.00383154, -0.0428933, -0.0294812)
joint_offset = Transform3D(1, 0, 0, 0, 1, 0, 0, 0, 1, 0.0792294, -0.0154005, -0.747341)
body_offset = Transform3D(0.624641, -0.780069, -0.0362729, 0.0279873, -0.024057, 0.999319, -0.780403, -0.625224, 0.00680498, -0.0886116, 0.744244, 0.0572877)

[node name="Physical Bone DEF-shinL" parent="ModelRoot/rig_deform/Skeleton3D/PhysicalBoneSimulator3D" index="21"]
transform = Transform3D(0.924824, -0.380368, 0.00456347, -0.0128243, -0.0431663, -0.998986, 0.38018, 0.923827, -0.0447992, 0.00981041, -0.289566, -0.0246324)
joint_offset = Transform3D(-4.55099e-06, 0.40273, 0.91532, -2.11596e-06, 0.91532, -0.40273, -1, -3.7696e-06, -3.31345e-06, 0.0681002, -0.0667081, -0.759766)
body_offset = Transform3D(0.461853, -0.886956, 0.00129366, -0.0244205, -0.0112581, 0.999638, -0.886612, -0.461713, -0.02686, -0.0896366, 0.760403, 0.00917115)

[node name="Physical Bone DEF-shinL001" parent="ModelRoot/rig_deform/Skeleton3D/PhysicalBoneSimulator3D" index="22"]
transform = Transform3D(0.976586, -0.215091, -0.00394018, -0.0133307, -0.0422249, -0.999019, 0.214714, 0.975681, -0.0441036, 0.00669573, -0.494801, -0.0268566)
joint_offset = Transform3D(1, 0, 0, 0, 1, 0, 0, 0, 1, 0.0703623, -0.0628028, -0.764335)
body_offset = Transform3D(0.607947, -0.793958, -0.0056564, -0.0139593, -0.0178113, 0.999744, -0.793847, -0.607706, -0.021912, -0.0969627, 0.764003, 0.000943156)

[node name="Physical Bone DEF-footL" parent="ModelRoot/rig_deform/Skeleton3D/PhysicalBoneSimulator3D" index="23"]
transform = Transform3D(0.999843, -0.00719643, -0.0161953, -0.0158397, 0.0469885, -0.99877, 0.00794857, 0.99887, 0.0468671, 0.00121616, -0.750731, -0.0436123)
joint_offset = Transform3D(3.61999e-06, 9.17734e-12, 1, 2.53518e-06, -1, 3.46945e-18, 1, 2.53518e-06, -3.61999e-06, 0.0748713, 0.0292367, -0.821115)
joint_rotation = Vector3(-3.46945e-18, 1.5708, 3.14159)
body_offset = Transform3D(0.999851, -0.00794221, -0.0150329, 0.0147826, 0.842328, 0.538754, 0.00838855, -0.538896, 0.842329, -0.0869717, 0.416645, 0.706776)

[node name="Physical Bone DEF-pelvisR" parent="ModelRoot/rig_deform/Skeleton3D/PhysicalBoneSimulator3D" index="24"]
transform = Transform3D(0.863797, -0.469025, -0.184038, -0.00809911, 0.352298, -0.935853, 0.503774, 0.809878, 0.300515, -0.0235512, 0.128245, -0.0221861)
joint_offset = Transform3D(-0.815599, -0.578524, 0.0103916, 0.463689, -0.642752, 0.609805, -0.346108, 0.502174, 0.792484, -0.000411808, 0.230094, -0.7163)
joint_rotation = Vector3(-0.655814, 0.0131119, 2.51664)
body_offset = Transform3D(-0.800693, -0.390085, -0.454669, -0.223022, 0.898494, -0.378114, 0.556014, -0.201352, -0.806416, -0.236253, -0.477673, -0.531077)

[node name="Physical Bone DEF-thighR" parent="ModelRoot/rig_deform/Skeleton3D/PhysicalBoneSimulator3D" index="25"]
transform = Transform3D(0.99976, -0.000148998, 0.0219268, 0.0219241, -0.0103459, -0.999706, 0.000375807, 0.999946, -0.0103402, 0.0147318, 0.189483, -0.022394)
joint_offset = Transform3D(-0.891998, -0.0445856, -0.449833, -0.443379, -0.107527, 0.889861, -0.088044, 0.993202, 0.0761458, -0.0875483, 0.00318411, -0.746441)
joint_rotation = Vector3(-1.09704, -1.40311, -1.80872)
body_offset = Transform3D(0.763906, 0.644095, 0.0398725, -0.0338842, -0.0216674, 0.999191, 0.644439, -0.76464, 0.00527282, 0.0945903, 0.74294, 0.0627901)

[node name="Physical Bone DEF-thighR001" parent="ModelRoot/rig_deform/Skeleton3D/PhysicalBoneSimulator3D" index="26"]
transform = Transform3D(0.980874, 0.193593, 0.0201861, 0.0224827, -0.00967334, -0.9997, -0.193339, 0.981034, -0.0138408, 0.00385652, -0.0449762, -0.0295257)
joint_offset = Transform3D(1, 0, 0, 0, 1, 0, 0, 0, 1, -0.0791962, -0.0153789, -0.749427)
body_offset = Transform3D(0.624711, 0.780013, 0.0362863, -0.0280159, -0.0240506, 0.999318, 0.780355, -0.625303, 0.00682809, 0.0886644, 0.746327, 0.0573018)

[node name="Physical Bone DEF-shinR" parent="ModelRoot/rig_deform/Skeleton3D/PhysicalBoneSimulator3D" index="27"]
transform = Transform3D(0.924927, 0.380117, -0.00455834, 0.0127919, -0.0431059, -0.998989, -0.379929, 0.923933, -0.0447322, -0.0100989, -0.296601, -0.0257728)
joint_offset = Transform3D(-3.61569e-06, -0.5, 0.866026, -7.45058e-09, 0.866025, 0.5, -1, 1.80139e-06, -3.135e-06, -0.0682103, -0.0657808, -0.766847)
body_offset = Transform3D(0.462106, 0.886824, -0.00124731, 0.0244398, -0.0113291, 0.999639, 0.88649, -0.46197, -0.0269089, 0.0888999, 0.767492, 0.00944396)

[node name="Physical Bone DEF-shinR001" parent="ModelRoot/rig_deform/Skeleton3D/PhysicalBoneSimulator3D" index="28"]
transform = Transform3D(0.976581, 0.215116, 0.00393659, 0.0133363, -0.0422622, -0.999018, -0.214738, 0.975674, -0.0441413, -0.00664762, -0.495478, -0.0269177)
joint_offset = Transform3D(1, 0, 0, 0, 1, 0, 0, 0, 1, -0.0704079, -0.0628126, -0.765011)
body_offset = Transform3D(0.607937, 0.793965, 0.00562851, 0.0139567, -0.0177739, 0.999746, 0.793864, -0.607705, -0.0218864, 0.0969804, 0.764683, 0.000979424)

[node name="Physical Bone DEF-footR" parent="ModelRoot/rig_deform/Skeleton3D/PhysicalBoneSimulator3D" index="29"]
transform = Transform3D(0.999845, 0.0071072, 0.0161213, 0.0157709, 0.0468751, -0.998776, -0.00785419, 0.998875, 0.0467557, -0.00176705, -0.746973, -0.0424927)
joint_offset = Transform3D(3.61999e-06, 9.17734e-12, 1, 2.53518e-06, -1, 3.46945e-18, 1, 2.53518e-06, -3.61999e-06, -0.0744278, 0.0278608, -0.817401)
joint_rotation = Vector3(-3.46945e-18, 1.5708, 3.14159)
body_offset = Transform3D(0.999858, 0.00784933, 0.0149637, -0.0146765, 0.842397, 0.53866, -0.00837623, -0.538803, 0.842392, 0.0864299, 0.415739, 0.70296)

[node name="player_model" parent="ModelRoot" index="3" instance=ExtResource("2_kwwlw")]

[node name="CC_Base_Body_006" parent="ModelRoot/player_model/rig_deform/Skeleton3D" index="0"]
transform = Transform3D(1, -1.49014e-08, 1.1633e-10, 1.49014e-08, 1, 2.99188e-08, -1.16472e-10, 1.47847e-08, 1, 0.000490189, 0.157215, 0.0164456)

[node name="CC_Base_Body_006" parent="ModelRoot/player_model/rig_deform/Skeleton3D/CC_Base_Body_006" index="0"]
visible = false

[node name="Body_005" parent="ModelRoot/player_model/rig_deform/Skeleton3D" index="1"]
layers = 4
skeleton = NodePath("../../../../rig_deform/Skeleton3D")

[node name="Bottom_002" parent="ModelRoot/player_model/rig_deform/Skeleton3D" index="2"]
layers = 4
skeleton = NodePath("../../../../rig_deform/Skeleton3D")

[node name="CC_Base_Body_005" parent="ModelRoot/player_model/rig_deform/Skeleton3D" index="3"]
layers = 4
skeleton = NodePath("../../../../rig_deform/Skeleton3D")

[node name="CC_Base_Body_007" parent="ModelRoot/player_model/rig_deform/Skeleton3D" index="4"]
layers = 4
skeleton = NodePath("../../../../rig_deform/Skeleton3D")

[node name="CC_Base_Eye_001" parent="ModelRoot/player_model/rig_deform/Skeleton3D" index="5"]
layers = 4
skeleton = NodePath("../../../../rig_deform/Skeleton3D")

[node name="CC_Base_Teeth_001" parent="ModelRoot/player_model/rig_deform/Skeleton3D" index="6"]
layers = 4
skeleton = NodePath("../../../../rig_deform/Skeleton3D")

[node name="HairCards" parent="ModelRoot/player_model/rig_deform/Skeleton3D" index="7"]
layers = 4
skeleton = NodePath("../../../../rig_deform/Skeleton3D")

[node name="InnerShirtLP_004" parent="ModelRoot/player_model/rig_deform/Skeleton3D" index="8"]
layers = 4
skeleton = NodePath("../../../../rig_deform/Skeleton3D")

[node name="InnerShirtLP_005" parent="ModelRoot/player_model/rig_deform/Skeleton3D" index="9"]
layers = 4
skeleton = NodePath("../../../../rig_deform/Skeleton3D")

[node name="Vert_001" parent="ModelRoot/player_model/rig_deform/Skeleton3D" index="10"]
layers = 4
skeleton = NodePath("../../../../rig_deform/Skeleton3D")

[node name="MainCamera" type="Camera3D" parent="ModelRoot" index="4"]
transform = Transform3D(-1, 0, -8.74228e-08, 0, 1, 0, 8.74228e-08, 0, -1, 0, 1.6, 0)
cull_mask = 1
current = true
far = 1000.0

[node name="InteractionCast" type="RayCast3D" parent="ModelRoot/MainCamera" index="0"]
target_position = Vector3(0, 0, -1.7)
collision_mask = 529
collide_with_areas = true

[node name="GrabCast" type="RayCast3D" parent="ModelRoot/MainCamera" index="1"]
target_position = Vector3(0, 0, -1.7)
collision_mask = 593
collide_with_areas = true

[node name="CharacterAnimationTree" parent="." index="7"]
parameters/movement/blend_position = Vector2(1.45519e-11, 1.45519e-11)
parameters/movement_crouch/blend_position = Vector2(1.45519e-11, 1.45519e-11)

[node name="PlayerController" type="Node" parent="." index="8"]
script = ExtResource("6")

[node name="InteractAndGrab" type="Node" parent="PlayerController" index="0"]
script = ExtResource("5_kd2t2")

[node name="OmniLight3D" type="OmniLight3D" parent="." index="9"]
transform = Transform3D(1, 0, 0, 0, 1, 0, 0, 0, 1, 0, 2, 0)
omni_range = 10.0

[editable path="ModelRoot/player_model"]
