[gd_scene load_steps=36 format=3 uid="uid://cyymfxxvbr5i7"]

[ext_resource type="PackedScene" uid="uid://daf3jm6dh7y8a" path="res://scenes/characters/humanoid_character_base/humanoid_character_base.tscn" id="1_4tack"]
[ext_resource type="PackedScene" uid="uid://4k72rthy8iex" path="res://resources/models/characters/cultists/cultist_neophyte/neophyte_scaled_no_cape.glb" id="2_bk543"]
[ext_resource type="Script" path="res://scenes/characters/inventory.gd" id="3_7w0y3"]
[ext_resource type="Script" path="res://scenes/characters/cultist/ai_controller.gd" id="4_pc7x1"]
[ext_resource type="Script" path="res://core/ai/bt_root.gd" id="5_f7c3r"]
[ext_resource type="Script" path="res://core/ai/flow_nodes/bt_selector.gd" id="6_xhddj"]
[ext_resource type="Script" path="res://core/ai/flow_nodes/bt_sequence.gd" id="7_7megi"]
[ext_resource type="Script" path="res://core/ai/interest_nodes/check_nodes/bt_interest_machine.gd" id="8_buv1l"]
[ext_resource type="Script" path="res://core/ai/misc_nodes/check_nodes/bt_approach_distance.gd" id="9_y7ei2"]
[ext_resource type="Script" path="res://core/ai/misc_nodes/action_nodes/bt_go_to_target.gd" id="10_rop7y"]
[ext_resource type="Script" path="res://core/ai/misc_nodes/action_nodes/bt_is_player.gd" id="11_pbkfw"]
[ext_resource type="Script" path="res://scenes/characters/cultists-old/bt_line_of_sight.gd" id="12_jw73y"]
[ext_resource type="Script" path="res://core/ai/gun_nodes/action_nodes/bt_gun_equip.gd" id="13_k2ihh"]
[ext_resource type="Script" path="res://core/ai/gun_nodes/check_nodes/bt_gun_has_ammo.gd" id="14_giokx"]
[ext_resource type="Script" path="res://core/ai/gun_nodes/check_nodes/bt_inventory_has_ammo.gd" id="15_q8xvq"]
[ext_resource type="Script" path="res://core/ai/gun_nodes/action_nodes/bt_gun_reload.gd" id="16_jtw6t"]
[ext_resource type="Script" path="res://core/ai/misc_nodes/action_nodes/bt_look_at_target.gd" id="17_0ovc1"]
[ext_resource type="Script" path="res://core/ai/gun_nodes/check_nodes/bt_gun_cooldown.gd" id="18_b5l8q"]
[ext_resource type="Script" path="res://core/ai/misc_nodes/action_nodes/bt_wait_random.gd" id="19_etvc6"]
[ext_resource type="Script" path="res://core/ai/gun_nodes/action_nodes/bt_gun_shoot.gd" id="20_cw5nl"]
[ext_resource type="Script" path="res://core/ai/misc_nodes/action_nodes/bt_clear_current_interest.gd" id="21_y58r1"]
[ext_resource type="Script" path="res://core/ai/interest_nodes/action_nodes/bt_free_interest.gd" id="22_hwwtx"]
[ext_resource type="Script" path="res://core/ai/misc_nodes/action_nodes/bt_select_random_target.gd" id="23_2n0qg"]
[ext_resource type="Script" path="res://scenes/sensors/character_sensors.gd" id="24_wvp3v"]
[ext_resource type="Script" path="res://scenes/sensors/sound_sensor.gd" id="25_cpi7t"]
[ext_resource type="Script" path="res://scenes/sensors/visual_sensor.gd" id="26_f5htr"]
[ext_resource type="Script" path="res://scenes/sensors/touch_sensor.gd" id="27_fwtma"]
[ext_resource type="Script" path="res://scenes/characters/cultists-old/debugviz_target_position.gd" id="28_ata88"]
[ext_resource type="Script" path="res://scenes/characters/cultists-old/debugviz_path.gd" id="29_byly4"]

[sub_resource type="CylinderShape3D" id="CylinderShape3D_0ini3"]
resource_local_to_scene = true
height = 1.0
radius = 0.2

[sub_resource type="SphereShape3D" id="SphereShape3D_jq6sk"]
radius = 25.0

[sub_resource type="CapsuleShape3D" id="CapsuleShape3D_8fi7o"]
radius = 0.4
height = 1.2

[sub_resource type="StandardMaterial3D" id="40"]
shading_mode = 0

[sub_resource type="BoxMesh" id="BoxMesh_dt6gn"]
material = SubResource("40")
size = Vector3(0.1, 0.1, 0.1)

[sub_resource type="StandardMaterial3D" id="StandardMaterial3D_0jilu"]
shading_mode = 0

[node name="HumanoidCharacterBase" instance=ExtResource("1_4tack")]

[node name="CharacterCollision" parent="." index="3"]
shape = SubResource("CylinderShape3D_0ini3")

[node name="ModelRoot" parent="." index="5" node_paths=PackedStringArray("glb_root")]
glb_root = NodePath("neophyte_scaled_no_cape")

[node name="Skeleton3D" parent="ModelRoot/rig_deform" index="0"]
bones/0/rotation = Quaternion(0.133821, 0, 0, 0.991006)
bones/1/rotation = Quaternion(-0.0684506, 1.18934e-07, -8.16028e-09, 0.997655)
bones/2/rotation = Quaternion(-0.0825992, -1.18802e-07, -9.8472e-09, 0.996583)
bones/3/rotation = Quaternion(0.00173603, 9.1132e-14, 2.32306e-14, 0.999999)
bones/4/rotation = Quaternion(-0.153373, 1.16961e-07, -1.91684e-08, 0.988168)
bones/5/rotation = Quaternion(0.278235, 3.55282e-09, 7.06268e-08, 0.960513)
bones/6/rotation = Quaternion(-0.112498, -1.21429e-07, -1.64619e-08, 0.993652)
bones/7/rotation = Quaternion(0.0288476, -0.106983, -0.0766959, 0.990879)
bones/8/rotation = Quaternion(-0.532334, 0.0139487, -0.360117, 0.765991)
bones/9/rotation = Quaternion(0.77024, 0.0170047, 0.637446, 0.0101986)
bones/10/rotation = Quaternion(0.708402, 0.0543756, 0.571005, 0.411295)
bones/11/rotation = Quaternion(-0.0231946, -0.368115, 0.201336, 0.907423)
bones/12/rotation = Quaternion(0.0288476, 0.106983, 0.0766959, 0.990879)
bones/13/rotation = Quaternion(-0.532334, -0.0139487, 0.360117, 0.765991)
bones/14/rotation = Quaternion(0.77024, -0.0170047, -0.637446, 0.0101986)
bones/15/rotation = Quaternion(0.708402, -0.0543756, -0.571005, 0.411295)
bones/16/rotation = Quaternion(-0.0231946, 0.368115, -0.201336, 0.907423)
bones/17/rotation = Quaternion(-0.687286, -1.32019e-10, -1.40605e-10, 0.726387)
bones/18/rotation = Quaternion(-0.438325, -6.37574e-11, -1.38409e-10, 0.898816)
bones/19/rotation = Quaternion(-0.715018, -1.38454e-10, -1.35064e-10, 0.699106)
bones/20/rotation = Quaternion(-0.161435, 0.551542, 0.797115, 0.185333)
bones/21/rotation = Quaternion(0.161435, 0.551542, 0.797115, -0.185333)
bones/22/rotation = Quaternion(4.87802e-07, 0.687288, 0.726385, 4.61546e-07)
bones/23/rotation = Quaternion(0.804512, 0.553364, 0.186022, -0.109293)
bones/24/rotation = Quaternion(0.761488, 0.615996, 0.140006, -0.145199)
bones/25/rotation = Quaternion(0.561294, 0.768888, -0.00404874, -0.306175)
bones/26/rotation = Quaternion(0.485182, 0.702761, -0.201777, -0.479596)
bones/27/rotation = Quaternion(-0.530843, 0.689254, 0.234509, -0.433752)
bones/28/rotation = Quaternion(-0.615851, 0.723577, 0.089527, -0.298578)
bones/29/rotation = Quaternion(0.783643, -0.606105, 0.126495, 0.0504012)
bones/30/rotation = Quaternion(0.859252, -0.485734, 0.152959, 0.0484986)
bones/31/rotation = Quaternion(4.87802e-07, 0.687286, 0.726387, 4.61545e-07)
bones/32/rotation = Quaternion(4.87795e-07, 0.687297, 0.726377, 4.61551e-07)
bones/33/rotation = Quaternion(-4.87802e-07, 0.687288, 0.726385, -4.61546e-07)
bones/34/rotation = Quaternion(0.804512, -0.553364, -0.186022, -0.109293)
bones/35/rotation = Quaternion(0.761488, -0.615996, -0.140006, -0.145199)
bones/36/rotation = Quaternion(-0.561294, 0.768888, -0.00404874, 0.306175)
bones/37/rotation = Quaternion(-0.485182, 0.702761, -0.201777, 0.479596)
bones/38/rotation = Quaternion(0.530843, 0.689254, 0.234509, 0.433752)
bones/39/rotation = Quaternion(0.615852, 0.723577, 0.0895265, 0.298578)
bones/40/rotation = Quaternion(0.783643, 0.606105, -0.126495, 0.0504012)
bones/41/rotation = Quaternion(0.859252, 0.485734, -0.152959, 0.0484986)
bones/42/rotation = Quaternion(-4.87802e-07, 0.687286, 0.726387, -4.61545e-07)
bones/43/rotation = Quaternion(-4.87795e-07, 0.687297, 0.726377, -4.61551e-07)
bones/44/rotation = Quaternion(-0.687288, -1.32062e-10, -1.40771e-10, 0.726385)
bones/45/rotation = Quaternion(-0.580966, -1.03255e-10, -1.51051e-10, 0.813928)
bones/46/rotation = Quaternion(-0.755582, -1.45497e-10, -1.23694e-10, 0.655054)
bones/47/rotation = Quaternion(0.953763, 1.06644e-10, 2.9972e-11, -0.300559)
bones/48/rotation = Quaternion(0.976892, 5.08939e-08, 2.32992e-07, 0.213733)
bones/49/rotation = Quaternion(0.167519, 1.17538e-07, 2.00363e-08, 0.985869)
bones/50/rotation = Quaternion(-0.0559451, 1.19025e-07, -6.69045e-09, 0.998434)
bones/51/rotation = Quaternion(0.761272, 1.70053e-06, 1.99675e-06, 0.648432)
bones/52/rotation = Quaternion(0.996818, -0.0788991, -0.0063497, 0.00946233)
bones/53/rotation = Quaternion(0.901903, -0.261764, -0.0250844, 0.342669)
bones/54/rotation = Quaternion(0.160663, -0.489623, -0.0568285, 0.855118)
bones/55/rotation = Quaternion(0.996818, 0.0788991, 0.0063497, 0.00946233)
bones/56/rotation = Quaternion(0.901902, 0.261765, 0.0250845, 0.342669)
bones/57/rotation = Quaternion(0.160663, 0.489623, 0.0568285, 0.855118)
bones/58/rotation = Quaternion(-0.538947, -0.438361, -0.430417, 0.576296)
bones/59/rotation = Quaternion(-0.767758, -0.256156, -0.274376, 0.519278)
bones/60/rotation = Quaternion(-0.538947, 0.438361, 0.430417, 0.576296)
bones/61/rotation = Quaternion(-0.767758, 0.256156, 0.274376, 0.519278)
bones/62/rotation = Quaternion(-0.472076, -0.423289, -0.355545, 0.686701)
bones/63/rotation = Quaternion(-0.461599, -0.347407, -0.369331, 0.727894)
bones/64/rotation = Quaternion(-0.472076, 0.423289, 0.355545, 0.686701)
bones/65/rotation = Quaternion(-0.461599, 0.347407, 0.369331, 0.727894)
bones/66/rotation = Quaternion(0.0797714, 0.563002, 0.534968, 0.62488)
bones/67/rotation = Quaternion(-0.0494923, 0.411432, 0.671592, 0.614197)
bones/68/rotation = Quaternion(-0.259868, 0.193466, 0.710546, 0.624631)
bones/69/rotation = Quaternion(-0.334316, 0.0963439, 0.839809, 0.416738)
bones/70/rotation = Quaternion(-0.388676, 0.155982, 0.906911, 0.0459655)
bones/71/rotation = Quaternion(-0.255707, 0.145191, 0.955434, -0.0260809)
bones/72/rotation = Quaternion(0.0797714, -0.563002, -0.534968, 0.62488)
bones/73/rotation = Quaternion(-0.0494923, -0.411432, -0.671592, 0.614197)
bones/74/rotation = Quaternion(-0.259868, -0.193466, -0.710546, 0.624631)
bones/75/rotation = Quaternion(0.334316, 0.0963439, 0.839809, -0.416738)
bones/76/rotation = Quaternion(0.388676, 0.155982, 0.906911, -0.0459655)
bones/77/rotation = Quaternion(0.255707, 0.145191, 0.955434, 0.0260809)
bones/78/rotation = Quaternion(0.319761, -0.314359, -0.0891939, 0.889368)
bones/79/rotation = Quaternion(0.553474, -0.402176, 0.214061, 0.697208)
bones/80/rotation = Quaternion(0.693784, -0.387003, 0.429506, 0.429438)
bones/81/rotation = Quaternion(0.72896, -0.343871, 0.550591, 0.217301)
bones/82/rotation = Quaternion(0.319761, 0.314359, 0.0891939, 0.889368)
bones/83/rotation = Quaternion(0.553474, 0.402176, -0.214061, 0.697208)
bones/84/rotation = Quaternion(0.693784, 0.387004, -0.429506, 0.429438)
bones/85/rotation = Quaternion(0.72896, 0.343871, -0.550591, 0.217301)
bones/86/rotation = Quaternion(-0.399035, -0.341813, -0.27356, 0.805667)
bones/87/rotation = Quaternion(-0.15598, -0.302609, -0.025303, 0.939924)
bones/88/rotation = Quaternion(-0.399035, 0.341813, 0.273559, 0.805668)
bones/89/rotation = Quaternion(-0.15598, 0.302609, 0.025303, 0.939924)
bones/90/rotation = Quaternion(0.803177, -0.367013, -0.423617, 0.201881)
bones/91/rotation = Quaternion(-0.396133, 0.913681, -0.00501159, -0.0907803)
bones/92/rotation = Quaternion(0.803177, 0.367013, 0.423617, 0.201881)
bones/93/rotation = Quaternion(0.396133, 0.913681, -0.00501159, 0.0907803)
bones/94/rotation = Quaternion(0.71564, 0.111775, 0.686199, 0.0670548)
bones/95/rotation = Quaternion(0.797574, 0.162423, 0.575749, 0.0775121)
bones/96/rotation = Quaternion(0.926259, 0.128593, 0.33256, 0.122119)
bones/97/rotation = Quaternion(0.71564, -0.111775, -0.686199, 0.0670548)
bones/98/rotation = Quaternion(0.797574, -0.162423, -0.575749, 0.077512)
bones/99/rotation = Quaternion(0.926259, -0.128593, -0.33256, 0.122119)
bones/100/rotation = Quaternion(0.97003, 5.78639e-08, 2.31374e-07, 0.242985)
bones/101/rotation = Quaternion(0.985186, 6.1279e-08, 3.52414e-07, 0.171487)
bones/102/rotation = Quaternion(0.999052, -5.17262e-09, 1.19106e-07, -0.043531)
bones/103/rotation = Quaternion(0.999478, 0.0287961, -0.0120189, -0.0083318)
bones/104/rotation = Quaternion(0.999478, -0.0287961, 0.0120189, -0.0083318)
bones/106/rotation = Quaternion(-0.606453, -0.343202, -0.353041, 0.624331)
bones/107/rotation = Quaternion(-0.606453, 0.343202, 0.353041, 0.624331)
bones/108/rotation = Quaternion(5.41925e-08, 0.69625, 0.717799, 5.25655e-08)
bones/109/rotation = Quaternion(5.41925e-08, 0.69625, 0.717799, 5.25655e-08)
bones/110/rotation = Quaternion(-0.0351674, 0.0964581, -0.714886, 0.691663)
bones/112/rotation = Quaternion(0.1549, -3.15873e-05, 0.000227247, 0.98793)
bones/114/rotation = Quaternion(-0.128196, -0.00212427, -0.0187969, 0.991568)
bones/115/rotation = Quaternion(0.0548519, 0.803402, 0.0359452, 0.591815)
bones/116/rotation = Quaternion(0.074382, 0.00471997, 0.0193595, 0.997031)
bones/117/rotation = Quaternion(0.0393576, 0.00168742, -0.0123884, 0.999147)
bones/118/rotation = Quaternion(0.143636, 0.880181, 0.450519, -0.0410079)
bones/119/rotation = Quaternion(0.136054, 0.0021787, -0.0164643, 0.990562)
bones/120/rotation = Quaternion(0.0630606, -2.54512e-05, 0.037809, 0.997293)
bones/121/rotation = Quaternion(0.102607, 0.697997, 0.0503164, 0.706923)
bones/122/rotation = Quaternion(0.0737695, 0.802861, 0.0423006, 0.59007)
bones/123/rotation = Quaternion(0.0504758, 0.00276824, 0.00209124, 0.998719)
bones/124/rotation = Quaternion(0.035366, 0.00184773, -0.00705154, 0.999348)
bones/125/rotation = Quaternion(0.0716504, 0.694918, 0.0104158, 0.715434)
bones/126/rotation = Quaternion(0.0910978, 0.858081, 0.0449008, 0.503371)
bones/127/rotation = Quaternion(0.0411618, 0.00049099, -0.00418752, 0.999144)
bones/128/rotation = Quaternion(-0.018087, -9.0673e-05, 0.00710265, 0.999811)
bones/129/rotation = Quaternion(0.040333, 0.679008, -0.0124321, 0.732917)
bones/130/rotation = Quaternion(0.0721607, 0.700983, 0.0458411, 0.708036)
bones/131/rotation = Quaternion(0.0181739, 0.000164178, -0.00449279, 0.999825)
bones/132/rotation = Quaternion(0.0353686, -8.6082e-05, 0.00963287, 0.999328)
bones/133/rotation = Quaternion(0.0444725, 0.685155, -0.0697729, 0.723683)
bones/134/rotation = Quaternion(-0.0694547, -0.0536738, 0.72355, 0.684668)
bones/136/rotation = Quaternion(0.136498, -8.52082e-05, 0.000715412, 0.99064)
bones/138/rotation = Quaternion(-0.118458, 0.000475989, 0.00455341, 0.992949)
bones/139/rotation = Quaternion(0.0567019, -0.834151, -0.0329479, 0.547623)
bones/140/rotation = Quaternion(0.0743779, -0.00471876, -0.0193759, 0.997031)
bones/141/rotation = Quaternion(0.0393603, -0.00168734, 0.0123799, 0.999147)
bones/142/rotation = Quaternion(-0.167646, 0.876693, 0.442146, 0.0883809)
bones/143/rotation = Quaternion(0.136056, -0.00217645, 0.016447, 0.990562)
bones/144/rotation = Quaternion(0.0630561, 2.61373e-05, -0.0378169, 0.997293)
bones/145/rotation = Quaternion(0.105161, -0.735107, -0.0447333, 0.66825)
bones/146/rotation = Quaternion(0.0759338, -0.833517, -0.038278, 0.54591)
bones/147/rotation = Quaternion(0.0504754, -0.00276779, -0.00210221, 0.998719)
bones/148/rotation = Quaternion(0.0353676, -0.00184749, 0.00704383, 0.999348)
bones/149/rotation = Quaternion(0.0721051, -0.732493, -0.00655326, 0.676913)
bones/150/rotation = Quaternion(-0.0933765, 0.88398, 0.0399433, -0.45636)
bones/151/rotation = Quaternion(0.0411627, -0.000490894, 0.00417858, 0.999144)
bones/152/rotation = Quaternion(-0.0180885, 9.10997e-05, -0.00709874, 0.999811)
bones/153/rotation = Quaternion(0.0396057, -0.717549, 0.0145793, 0.695228)
bones/154/rotation = Quaternion(0.0745176, -0.738149, -0.0418999, 0.669199)
bones/155/rotation = Quaternion(0.0181748, -0.000164201, 0.00448882, 0.999825)
bones/156/rotation = Quaternion(0.0353665, 8.6438e-05, -0.00964059, 0.999328)
bones/157/rotation = Quaternion(0.0406591, -0.723188, 0.0720598, 0.685677)
bones/158/rotation = Quaternion(-0.153935, -0.791702, -0.292759, 0.513618)
bones/159/rotation = Quaternion(-0.153935, 0.791702, 0.292759, 0.513618)
bones/160/rotation = Quaternion(0.93248, -0.034886, -0.341376, 0.112816)
bones/162/rotation = Quaternion(0.0207074, 1.24239e-05, -0.000648707, 0.999785)
bones/164/rotation = Quaternion(-0.49809, 0.294159, 0.17611, 0.796469)
bones/165/rotation = Quaternion(-0.000172234, 0.966113, -0.25812, -0.000688557)
bones/166/rotation = Quaternion(0.932482, 0.0348854, 0.341369, 0.112816)
bones/168/rotation = Quaternion(0.0207077, -1.19937e-05, 0.000648443, 0.999785)
bones/170/rotation = Quaternion(-0.498093, -0.294154, -0.176104, 0.79647)
bones/171/rotation = Quaternion(0.000169923, 0.966113, -0.258119, 0.000691782)

[node name="Physical Bone DEF-spine" parent="ModelRoot/rig_deform/Skeleton3D/PhysicalBoneSimulator3D" index="0"]
transform = Transform3D(0.999999, -4.16619e-05, 0.00119726, 0.00119689, 0.0774324, -0.996997, -5.11695e-05, 0.996998, 0.0774324, 0.00274772, 0.109582, 0.0377595)
joint_offset = Transform3D(1, 0, 0, 0, 1, 0, 0, 0, 1, 0.00757741, -0.0306455, -0.758921)
body_offset = Transform3D(0.985172, -0.000209693, 0.00395441, 0.0038203, 0.347886, -0.933313, -0.00118267, 0.921585, 0.34351, -0.00447039, -0.697678, 0.288948)

[node name="Physical Bone DEF-spine001" parent="ModelRoot/rig_deform/Skeleton3D/PhysicalBoneSimulator3D" index="1"]
transform = Transform3D(0.942818, 0.332045, -0.0289999, -0.0639403, 0.0947893, -0.993442, -0.327119, 0.938489, 0.1106, 0.00326312, 0.248423, 0.0899424)
joint_offset = Transform3D(1, 0, 0, 0, 1, 0, 0, 0, 1, -0.00719248, -0.0255305, -0.750828)
body_offset = Transform3D(0.929877, 0.325213, -0.0121999, -0.0987348, 0.245447, -0.95942, -0.310159, 0.89637, 0.258096, 0.00583092, -0.714803, 0.21444)

[node name="Physical Bone DEF-spine002" parent="ModelRoot/rig_deform/Skeleton3D/PhysicalBoneSimulator3D" index="2"]
transform = Transform3D(0.773857, 0.630252, 0.0626728, 0.0146163, 0.0811555, -0.996594, -0.633192, 0.772137, 0.0535907, 0.0959387, 0.368574, 0.0384715)
joint_offset = Transform3D(1, 0, 0, 0, 1, 0, 0, 0, 1, -0.0323108, -0.019631, -0.746665)
body_offset = Transform3D(0.762273, 0.619203, 0.0781647, 0.0349956, 0.0814183, -0.989734, -0.621552, 0.760768, 0.0336241, 0.0951479, -0.736271, 0.0199577)

[node name="Physical Bone DEF-spine003" parent="ModelRoot/rig_deform/Skeleton3D/PhysicalBoneSimulator3D" index="3"]
transform = Transform3D(-0.184277, 0.978648, 0.0910454, 0.0112956, 0.0947343, -0.995439, -0.982809, -0.182408, -0.0285118, 0.131947, 0.519433, -0.0951066)
joint_offset = Transform3D(1, 0, 0, 0, 1, 0, 0, 0, 1, -0.0641948, -0.0622655, -0.752766)
body_offset = Transform3D(-0.199492, 0.958984, 0.105495, 0.0164884, 0.111883, -0.987265, -0.962269, -0.195395, -0.0451326, 0.126318, -0.735155, -0.107913)

[node name="Physical Bone DEF-spine004" parent="ModelRoot/rig_deform/Skeleton3D/PhysicalBoneSimulator3D" index="4"]
transform = Transform3D(0.490269, 0.867572, 0.0833986, 0.097137, 0.0407016, -0.994438, -0.866141, 0.495643, -0.0643186, 0.108125, 0.63317, -0.0948882)
joint_offset = Transform3D(1, 0, 0, 0, 1, 0, 0, 0, 1, -0.0477206, -0.000311911, -0.806879)
body_offset = Transform3D(0.465558, 0.862695, 0.0973939, 0.375325, -0.100088, -0.908424, -0.777287, 0.462691, -0.385082, 0.101071, -0.715109, -0.347663)

[node name="Physical Bone DEF-spine005" parent="ModelRoot/rig_deform/Skeleton3D/PhysicalBoneSimulator3D" index="5"]
transform = Transform3D(0.425608, 0.899361, 0.100037, -0.0105998, 0.115497, -0.993251, -0.904846, 0.421675, 0.0586895, 0.117048, 0.687248, -0.0144776)
joint_offset = Transform3D(1, 0, 0, 0, 1, 0, 0, 0, 1, -0.0523409, 0.00104661, -0.778214)
body_offset = Transform3D(0.401126, 0.887606, 0.115485, -0.23018, 0.225343, -0.934087, -0.855902, 0.348298, 0.294772, 0.109938, -0.739203, 0.184233)

[node name="Physical Bone DEF-shoulderL" parent="ModelRoot/rig_deform/Skeleton3D/PhysicalBoneSimulator3D" index="6"]
transform = Transform3D(-0.511418, 0.851603, 0.114992, 0.0650336, 0.171788, -0.982985, -0.856868, -0.495238, -0.143238, 0.00116581, 0.549284, -0.0539748)
joint_offset = Transform3D(1, 0, 0, 0, 1, 0, 0, 0, 1, -0.0696814, 0.105827, -0.829367)
body_offset = Transform3D(-0.920296, 0.0449715, -0.0329826, 0.0366309, 0.915304, 0.167731, 0.0384259, 0.173923, -0.977806, -0.0962414, 0.0447986, -0.826688)

[node name="Physical Bone DEF-upper_armL" parent="ModelRoot/rig_deform/Skeleton3D/PhysicalBoneSimulator3D" index="7"]
transform = Transform3D(0.773504, 0.331494, 0.540188, -0.606481, 0.139639, 0.78274, 0.184042, -0.933066, 0.309056, -0.47662, 1.87768, -0.184976)
joint_offset = Transform3D(1, 0, 0, 0, 1, 0, 0, 0, 1, 0.864236, -0.00960414, 0.00973143)
body_offset = Transform3D(-0.521308, -0.371215, -0.624569, 0.812501, -0.0460839, -0.656483, 0.216069, -0.868184, 0.338469, 0.453046, -0.696247, -0.198367)

[node name="Physical Bone DEF-upper_armL001" parent="ModelRoot/rig_deform/Skeleton3D/PhysicalBoneSimulator3D" index="8"]
transform = Transform3D(0.224895, 0.660936, 0.715951, -0.656308, -0.440342, 0.612666, 0.720196, -0.60767, 0.334746, -0.081526, 1.92106, -0.851405)
joint_offset = Transform3D(1, 0, 0, 0, 1, 0, 0, 0, 1, 1.12362, -0.00188798, 0.079502)
body_offset = Transform3D(-0.0933864, -0.433116, -0.777085, 0.71557, 0.623284, -0.43901, 0.686182, -0.603922, 0.274978, 0.165893, -0.767953, -0.794012)

[node name="Physical Bone DEF-forearmL" parent="ModelRoot/rig_deform/Skeleton3D/PhysicalBoneSimulator3D" index="9"]
transform = Transform3D(-0.326349, 0.944515, 0.0372517, -0.939606, -0.328449, 0.0962392, 0.103135, -0.00359439, 0.994661, 0.423391, 2.19542, -0.202649)
joint_offset = Transform3D(1, 0, 0, 0, 1, 0, 0, 0, 1, 1.09594, 0.202413, 0.0758753)
body_offset = Transform3D(0.468897, -0.727501, -0.236996, 0.837582, 0.459076, 0.273067, -0.166962, -0.343248, 0.842971, -0.348644, -1.03158, 0.188497)

[node name="Physical Bone DEF-forearmL001" parent="ModelRoot/rig_deform/Skeleton3D/PhysicalBoneSimulator3D" index="10"]
transform = Transform3D(0.592201, 0.523296, -0.612747, -0.765117, 0.126631, -0.631317, -0.252773, 0.84269, 0.475373, -0.249311, 2.4927, 0.0535169)
joint_offset = Transform3D(1, 0, 0, 0, 1, 0, 0, 0, 1, 1.46736, 0.0755557, 0.620638)
body_offset = Transform3D(-0.352537, -0.555092, 0.606302, 0.708263, 0.274052, 0.640407, -0.580508, 0.679205, 0.24823, 0.182945, -1.45744, 0.646436)

[node name="Physical Bone DEF-handL" parent="ModelRoot/rig_deform/Skeleton3D/PhysicalBoneSimulator3D" index="11"]
transform = Transform3D(0.320185, -0.447811, -0.834833, 0.809402, -0.328616, 0.486704, -0.492291, -0.831551, 0.257242, 1.52975, 1.96664, -0.368376)
joint_offset = Transform3D(1, 0, 0, 0, 1, 0, 0, 0, 1, -1.51214, 0.524861, 0.613871)
body_offset = Transform3D(-0.419726, 0.430848, 0.655238, -0.816001, 0.0392131, -0.568772, -0.23634, -0.814729, 0.356493, -1.26305, -0.905339, -0.148601)

[node name="Physical Bone DEF-shoulderR" parent="ModelRoot/rig_deform/Skeleton3D/PhysicalBoneSimulator3D" index="12"]
transform = Transform3D(-0.700689, 0.690872, 0.178132, -0.0069131, 0.243085, -0.96998, -0.713434, -0.680886, -0.165551, 0.0399708, 0.541597, -0.0457336)
joint_offset = Transform3D(1, 0, 0, 0, 1, 0, 0, 0, 1, -0.0602413, 0.0948974, -0.838847)
body_offset = Transform3D(0.162427, 0.881713, 0.217544, 0.916101, -0.154573, -0.066866, -0.0335787, 0.238567, -0.964257, 0.108599, 0.0137654, -0.833526)

[node name="Physical Bone DEF-upper_armR" parent="ModelRoot/rig_deform/Skeleton3D/PhysicalBoneSimulator3D" index="13"]
transform = Transform3D(0.642808, 0.553282, -0.52979, 0.596145, -0.795634, -0.107596, -0.48105, -0.246668, -0.841276, 0.605751, 1.55297, -0.500281)
joint_offset = Transform3D(1, 0, 0, 0, 1, 0, 0, 0, 1, -0.835433, -0.393805, 0.0229449)
body_offset = Transform3D(-0.231645, -0.528728, 0.685198, -0.559354, 0.796872, 0.42257, -0.752743, -0.281383, -0.468362, -0.417461, -0.163186, -0.72893)

[node name="Physical Bone DEF-upper_armR001" parent="ModelRoot/rig_deform/Skeleton3D/PhysicalBoneSimulator3D" index="14"]
transform = Transform3D(0.490596, 0.614894, -0.617431, 0.537083, -0.771345, -0.341423, -0.686191, -0.164111, -0.708667, 0.608295, 1.49318, -0.759507)
joint_offset = Transform3D(1, 0, 0, 0, 1, 0, 0, 0, 1, -1.00646, -0.40258, 0.0756798)
body_offset = Transform3D(-0.129417, -0.618926, 0.63283, -0.419779, 0.740127, 0.634388, -0.842972, -0.186087, -0.342094, -0.427313, -0.17254, -0.897442)

[node name="Physical Bone DEF-forearmR" parent="ModelRoot/rig_deform/Skeleton3D/PhysicalBoneSimulator3D" index="15"]
transform = Transform3D(0.0951978, -0.995021, 0.0295085, 0.992465, 0.0925725, -0.0802776, 0.0771462, 0.0369284, 0.996336, -0.0559902, 2.12723, -0.0362427)
joint_offset = Transform3D(1, 0, 0, 0, 1, 0, 0, 0, 1, -1.02858, 0.0451231, 0.0216693)
body_offset = Transform3D(0.078284, 0.86463, -0.218334, -0.973978, 0.0850407, -0.0123681, 0.0597654, 0.226906, 0.860786, 0.0462374, -1.00538, 0.0325819)

[node name="Physical Bone DEF-forearmR001" parent="ModelRoot/rig_deform/Skeleton3D/PhysicalBoneSimulator3D" index="16"]
transform = Transform3D(0.0775362, -0.538081, 0.839319, 0.987069, -0.0770355, -0.140572, 0.140297, 0.839365, 0.52515, -0.341779, 2.30667, 0.220662)
joint_offset = Transform3D(1, 0, 0, 0, 1, 0, 0, 0, 1, -1.34344, -0.227705, 0.11925)
body_offset = Transform3D(0.0686525, 0.211535, -0.864203, -0.970998, 0.0986238, -0.0587912, 0.12569, 0.860177, 0.205284, 0.243454, -1.27501, 0.340244)

[node name="Physical Bone DEF-handR" parent="ModelRoot/rig_deform/Skeleton3D/PhysicalBoneSimulator3D" index="17"]
transform = Transform3D(0.621186, 0.750719, -0.224833, -0.567479, 0.628775, 0.531611, 0.54046, -0.202642, 0.816603, -0.858263, 1.0679, -0.556833)
joint_offset = Transform3D(1, 0, 0, 0, 1, 0, 0, 0, 1, 0.746942, 0.23071, 0.121952)
body_offset = Transform3D(-0.832929, -0.297996, 0.0733168, 0.243282, -0.757312, -0.555014, 0.198309, -0.435802, 0.753358, 0.681959, 0.0606865, -0.139455)

[node name="Physical Bone DEF-pelvisL" parent="ModelRoot/rig_deform/Skeleton3D/PhysicalBoneSimulator3D" index="18"]
transform = Transform3D(0.776196, 0.613282, 0.146304, -0.136639, 0.390157, -0.910553, -0.615507, 0.686777, 0.386637, -0.06484, 0.214174, -0.017117)
joint_offset = Transform3D(0.815599, 0.578524, 0.0103922, 0.46369, -0.642753, -0.609804, -0.346106, 0.502173, -0.792486, -0.00993454, 0.275366, -0.594025)
body_offset = Transform3D(-0.76818, 0.163819, 0.514094, -0.0254277, 0.905496, -0.330601, -0.543589, -0.269608, -0.726439, 0.252643, -0.445981, -0.362682)

[node name="Physical Bone DEF-thighL" parent="ModelRoot/rig_deform/Skeleton3D/PhysicalBoneSimulator3D" index="19"]
transform = Transform3D(0.978747, -0.13416, -0.155098, -0.180982, -0.920752, -0.345631, -0.0964369, 0.366355, -0.925464, -0.0547237, 0.572594, -0.556022)
joint_offset = Transform3D(-0.891999, 0.0445856, 0.449832, 0.443379, -0.107527, 0.88986, 0.0880441, 0.993202, 0.0761457, 0.0351768, -0.138689, -0.647443)
joint_rotation = Vector3(-1.09704, 1.40311, 1.80872)
body_offset = Transform3D(0.691122, -0.513818, 0.316476, 0.234126, 0.716447, 0.64591, -0.564256, -0.375176, 0.618953, 0.109327, 0.509317, 0.368553)

[node name="Physical Bone DEF-thighL001" parent="ModelRoot/rig_deform/Skeleton3D/PhysicalBoneSimulator3D" index="20"]
transform = Transform3D(0.322354, 0.275874, -0.905528, -0.258248, -0.894677, -0.364501, -0.910712, 0.35135, -0.217158, -0.596597, 0.426946, -0.155927)
joint_offset = Transform3D(1, 0, 0, 0, 1, 0, 0, 0, 1, 0.100997, -0.0297004, -0.749682)
body_offset = Transform3D(0.502044, 0.00913833, -0.770447, 0.575462, 0.71116, 0.385235, 0.550719, -0.639109, 0.352757, -0.628024, 0.251806, 0.189853)

[node name="Physical Bone DEF-shinL" parent="ModelRoot/rig_deform/Skeleton3D/PhysicalBoneSimulator3D" index="21"]
transform = Transform3D(-0.363189, 0.691963, 0.623924, -0.454692, 0.452861, -0.766924, -0.813234, -0.562231, 0.150156, 0.439498, -0.209399, 0.385919)
joint_offset = Transform3D(-4.55099e-06, 0.40273, 0.91532, -2.11596e-06, 0.91532, -0.40273, -1, -3.7696e-06, -3.31345e-06, 0.263146, 0.407201, -0.819291)
body_offset = Transform3D(-0.358977, 0.643833, 0.552065, 0.787327, -0.0458423, 0.564416, 0.374999, 0.666905, -0.529411, 0.284596, 0.273906, -0.803985)

[node name="Physical Bone DEF-shinL001" parent="ModelRoot/rig_deform/Skeleton3D/PhysicalBoneSimulator3D" index="22"]
transform = Transform3D(0.401947, 0.787241, 0.467643, -0.447656, 0.614468, -0.649641, -0.798776, 0.0517777, 0.599397, 0.273295, -0.329955, 0.633789)
joint_offset = Transform3D(1, 0, 0, 0, 1, 0, 0, 0, 1, 0.396734, 0.228347, -1.04898)
body_offset = Transform3D(0.432069, 0.795743, 0.183594, 0.800343, -0.498995, 0.22585, 0.256108, 0.0742423, -0.888069, -0.160536, 0.0333332, -1.05013)

[node name="Physical Bone DEF-footL" parent="ModelRoot/rig_deform/Skeleton3D/PhysicalBoneSimulator3D" index="23"]
transform = Transform3D(0.931984, 0.334906, -0.138721, -0.262143, 0.358358, -0.896025, -0.250372, 0.871446, 0.421778, -0.171519, -0.733518, 0.519572)
joint_offset = Transform3D(3.61999e-06, 9.17734e-12, 1, 2.53518e-06, -1, 3.46945e-18, 1, 2.53518e-06, -3.61999e-06, 0.285506, -0.403305, -1.22501)
joint_rotation = Vector3(-3.46945e-18, 1.5708, 3.14159)
body_offset = Transform3D(0.829414, 0.381808, -0.0775595, 0.0420914, 0.0960301, 0.952044, 0.404227, -0.846023, 0.121627, -0.177829, 1.19297, -0.30762)

[node name="Physical Bone DEF-pelvisR" parent="ModelRoot/rig_deform/Skeleton3D/PhysicalBoneSimulator3D" index="24"]
transform = Transform3D(0.777636, -0.61204, -0.143839, 0.137331, 0.388612, -0.91111, 0.613533, 0.688758, 0.386251, 0.0694246, 0.226697, -0.0183818)
joint_offset = Transform3D(-0.815599, -0.578524, 0.0103918, 0.463689, -0.642752, 0.609805, -0.346107, 0.502174, 0.792484, 0.0204832, 0.261484, -0.584709)
joint_rotation = Vector3(-0.655814, 0.0131122, 2.51664)
body_offset = Transform3D(-0.765259, -0.166569, -0.517415, 0.0274826, 0.903439, -0.335525, 0.547658, -0.273866, -0.721922, -0.243307, -0.432982, -0.36172)

[node name="Physical Bone DEF-thighR" parent="ModelRoot/rig_deform/Skeleton3D/PhysicalBoneSimulator3D" index="25"]
transform = Transform3D(0.983936, 0.0444968, 0.172887, 0.148382, -0.742313, -0.653417, 0.0992615, 0.668574, -0.736991, 0.0536147, 0.389727, -0.498646)
joint_offset = Transform3D(-0.891998, -0.0445856, -0.449833, -0.443379, -0.107527, 0.889861, -0.088044, 0.993202, 0.0761458, -0.00424793, -0.0722366, -0.727712)
joint_rotation = Vector3(-1.09704, -1.40311, -1.80872)
body_offset = Transform3D(0.778327, 0.214148, -0.421964, -0.133415, 0.964993, 0.260382, 0.455152, -0.13734, 0.777508, -0.288293, 0.258624, 0.557814)

[node name="Physical Bone DEF-thighR001" parent="ModelRoot/rig_deform/Skeleton3D/PhysicalBoneSimulator3D" index="26"]
transform = Transform3D(0.537363, -0.693029, 0.480575, -0.181514, -0.651526, -0.736591, 0.823586, 0.308586, -0.4759, 0.305358, 0.132316, -0.40292)
joint_offset = Transform3D(1, 0, 0, 0, 1, 0, 0, 0, 1, 0.0896492, 0.0477405, -0.853115)
body_offset = Transform3D(0.680096, -0.572902, 0.199503, 0.503623, 0.756259, 0.437318, -0.393664, -0.185259, 0.798914, 0.13658, 0.291829, 0.725702)

[node name="Physical Bone DEF-shinR" parent="ModelRoot/rig_deform/Skeleton3D/PhysicalBoneSimulator3D" index="27"]
transform = Transform3D(-0.701373, 0.579502, -0.415035, 0.562586, 0.807592, 0.176898, 0.437691, -0.109421, -0.892442, -0.29108, 0.545433, -0.63347)
joint_offset = Transform3D(-3.61569e-06, -0.5, 0.866026, -7.45058e-09, 0.866025, 0.5, -1, 1.80139e-06, -3.135e-06, 0.207139, -0.00941643, -0.824825)
body_offset = Transform3D(-0.668122, 0.483713, -0.389052, -0.550177, -0.807975, -0.0612462, -0.308011, 0.247842, 0.846012, -0.17795, 0.0558378, 0.763947)

[node name="Physical Bone DEF-shinR001" parent="ModelRoot/rig_deform/Skeleton3D/PhysicalBoneSimulator3D" index="28"]
transform = Transform3D(0.148404, 0.572937, -0.806052, 0.563919, 0.620545, 0.544904, 0.812387, -0.535414, -0.230999, -0.584206, 0.850912, -0.27847)
joint_offset = Transform3D(1, 0, 0, 0, 1, 0, 0, 0, 1, 0.115282, -0.29944, -0.778155)
body_offset = Transform3D(0.283026, 0.298172, -0.818879, -0.63647, -0.583994, -0.46166, -0.587338, 0.71633, 0.0746509, -0.580558, -0.460741, 0.340297)

[node name="Physical Bone DEF-footR" parent="ModelRoot/rig_deform/Skeleton3D/PhysicalBoneSimulator3D" index="29"]
transform = Transform3D(0.967721, 0.131782, -0.214825, 0.244036, -0.277068, 0.929344, 0.0629499, -0.95177, -0.300284, -0.0846759, 1.22684, -0.538345)
joint_offset = Transform3D(3.61999e-06, 9.17734e-12, 1, 2.53518e-06, -1, 3.46945e-18, 1, 2.53518e-06, -3.61999e-06, -0.270315, -0.316886, -1.232)
joint_rotation = Vector3(-3.46945e-18, 1.5708, 3.14159)
body_offset = Transform3D(0.864914, 0.208157, -0.180381, -0.0287846, -0.585948, -0.787306, -0.293306, 0.660525, -0.592047, 0.0775311, -1.16342, -0.599376)

[node name="neophyte_scaled_no_cape" parent="ModelRoot" index="3" instance=ExtResource("2_bk543")]

[node name="CharacterAnimationTree" parent="." index="7"]
active = true

[node name="Inventory" type="Node" parent="." index="8"]
script = ExtResource("3_7w0y3")

[node name="NavigationAgent3D" type="NavigationAgent3D" parent="." index="9"]
unique_name_in_owner = true
path_desired_distance = 0.5
target_desired_distance = 0.5
path_max_distance = 1.0

[node name="AIController" type="Node" parent="." index="10"]
script = ExtResource("4_pc7x1")

[node name="BTRoot" type="Node" parent="AIController" index="0"]
script = ExtResource("5_f7c3r")

[node name="SEL_Behaviors" type="Node" parent="AIController/BTRoot" index="0"]
script = ExtResource("6_xhddj")

[node name="SEQ_Interest" type="Node" parent="AIController/BTRoot/SEL_Behaviors" index="0"]
script = ExtResource("7_7megi")

[node name="InterestMachine" type="Node" parent="AIController/BTRoot/SEL_Behaviors/SEQ_Interest" index="0" node_paths=PackedStringArray("active_sensors")]
script = ExtResource("8_buv1l")
active_sensors = [NodePath("../../../../../Sensors/VisualSensor"), NodePath("../../../../../Sensors/TouchSensor")]

[node name="SEL_Action" type="Node" parent="AIController/BTRoot/SEL_Behaviors/SEQ_Interest" index="1"]
script = ExtResource("6_xhddj")

[node name="SEQ_ApproachAndShoot" type="Node" parent="AIController/BTRoot/SEL_Behaviors/SEQ_Interest/SEL_Action" index="0"]
script = ExtResource("7_7megi")

[node name="SEL_Reach" type="Node" parent="AIController/BTRoot/SEL_Behaviors/SEQ_Interest/SEL_Action/SEQ_ApproachAndShoot" index="0"]
script = ExtResource("6_xhddj")

[node name="Approach" type="Node" parent="AIController/BTRoot/SEL_Behaviors/SEQ_Interest/SEL_Action/SEQ_ApproachAndShoot/SEL_Reach" index="0"]
script = ExtResource("9_y7ei2")

[node name="ReachTarget" type="Node" parent="AIController/BTRoot/SEL_Behaviors/SEQ_Interest/SEL_Action/SEQ_ApproachAndShoot/SEL_Reach" index="1"]
script = ExtResource("10_rop7y")
threshold = 0.3

[node name="SEQ_ShouldShoot" type="Node" parent="AIController/BTRoot/SEL_Behaviors/SEQ_Interest/SEL_Action/SEQ_ApproachAndShoot" index="1"]
script = ExtResource("7_7megi")

[node name="BTIsPlayer" type="Node" parent="AIController/BTRoot/SEL_Behaviors/SEQ_Interest/SEL_Action/SEQ_ApproachAndShoot/SEQ_ShouldShoot" index="0"]
script = ExtResource("11_pbkfw")

[node name="BTLineOfSight" type="Node" parent="AIController/BTRoot/SEL_Behaviors/SEQ_Interest/SEL_Action/SEQ_ApproachAndShoot/SEQ_ShouldShoot" index="1"]
script = ExtResource("12_jw73y")

[node name="EquipWeapon (does nothing?)" type="Node" parent="AIController/BTRoot/SEL_Behaviors/SEQ_Interest/SEL_Action/SEQ_ApproachAndShoot/SEQ_ShouldShoot" index="2"]
script = ExtResource("13_k2ihh")

[node name="SEL_Reload" type="Node" parent="AIController/BTRoot/SEL_Behaviors/SEQ_Interest/SEL_Action/SEQ_ApproachAndShoot/SEQ_ShouldShoot" index="3"]
script = ExtResource("6_xhddj")

[node name="BTGunHasAmmo" type="Node" parent="AIController/BTRoot/SEL_Behaviors/SEQ_Interest/SEL_Action/SEQ_ApproachAndShoot/SEQ_ShouldShoot/SEL_Reload" index="0"]
script = ExtResource("14_giokx")

[node name="BTInventoryHasAmmo" type="Node" parent="AIController/BTRoot/SEL_Behaviors/SEQ_Interest/SEL_Action/SEQ_ApproachAndShoot/SEQ_ShouldShoot/SEL_Reload" index="1"]
script = ExtResource("15_q8xvq")

[node name="ReloadAmmo" type="Node" parent="AIController/BTRoot/SEL_Behaviors/SEQ_Interest/SEL_Action/SEQ_ApproachAndShoot/SEQ_ShouldShoot/SEL_Reload" index="2"]
script = ExtResource("16_jtw6t")

[node name="LookAtTarget" type="Node" parent="AIController/BTRoot/SEL_Behaviors/SEQ_Interest/SEL_Action/SEQ_ApproachAndShoot/SEQ_ShouldShoot" index="4"]
script = ExtResource("17_0ovc1")

[node name="GunNotOnCooldown" type="Node" parent="AIController/BTRoot/SEL_Behaviors/SEQ_Interest/SEL_Action/SEQ_ApproachAndShoot/SEQ_ShouldShoot" index="5"]
script = ExtResource("18_b5l8q")

[node name="WaitRandom2" type="Node" parent="AIController/BTRoot/SEL_Behaviors/SEQ_Interest/SEL_Action/SEQ_ApproachAndShoot/SEQ_ShouldShoot" index="6"]
script = ExtResource("19_etvc6")
max_time = 1.55
min_time = 0.75

[node name="Shoot" type="Node" parent="AIController/BTRoot/SEL_Behaviors/SEQ_Interest/SEL_Action/SEQ_ApproachAndShoot/SEQ_ShouldShoot" index="7"]
script = ExtResource("20_cw5nl")

[node name="SEQ_Follow" type="Node" parent="AIController/BTRoot/SEL_Behaviors/SEQ_Interest/SEL_Action" index="1"]
script = ExtResource("7_7megi")

[node name="LookAtTarget" type="Node" parent="AIController/BTRoot/SEL_Behaviors/SEQ_Interest/SEL_Action/SEQ_Follow" index="0"]
script = ExtResource("17_0ovc1")

[node name="ReachTarget" type="Node" parent="AIController/BTRoot/SEL_Behaviors/SEQ_Interest/SEL_Action/SEQ_Follow" index="1"]
script = ExtResource("10_rop7y")
threshold = 0.3

[node name="ClearCurrentInterest" type="Node" parent="AIController/BTRoot/SEL_Behaviors/SEQ_Interest/SEL_Action/SEQ_Follow" index="2"]
script = ExtResource("21_y58r1")

[node name="FreeInterest" type="Node" parent="AIController/BTRoot/SEL_Behaviors/SEQ_Interest" index="2"]
script = ExtResource("22_hwwtx")

[node name="SEQ_Idle" type="Node" parent="AIController/BTRoot/SEL_Behaviors" index="1"]
script = ExtResource("7_7megi")

[node name="LookAtTarget" type="Node" parent="AIController/BTRoot/SEL_Behaviors/SEQ_Idle" index="0"]
script = ExtResource("17_0ovc1")

[node name="SEL_MoveOrChooseTarget" type="Node" parent="AIController/BTRoot/SEL_Behaviors/SEQ_Idle" index="1"]
script = ExtResource("6_xhddj")

[node name="ReachTarget" type="Node" parent="AIController/BTRoot/SEL_Behaviors/SEQ_Idle/SEL_MoveOrChooseTarget" index="0"]
script = ExtResource("10_rop7y")
threshold = 0.3

[node name="SelectRandomTarget" type="Node" parent="AIController/BTRoot/SEL_Behaviors/SEQ_Idle/SEL_MoveOrChooseTarget" index="1"]
script = ExtResource("23_2n0qg")

[node name="WaitRandom" type="Node" parent="AIController/BTRoot/SEL_Behaviors/SEQ_Idle" index="2"]
script = ExtResource("19_etvc6")
max_time = 15.0
min_time = 5.0

[node name="SelectRandomTarget" type="Node" parent="AIController/BTRoot/SEL_Behaviors/SEQ_Idle" index="3"]
script = ExtResource("23_2n0qg")

[node name="TickTimer" type="Timer" parent="AIController" index="1"]
wait_time = 0.1
autostart = true

[node name="Sensors" type="Node3D" parent="." index="11"]
script = ExtResource("24_wvp3v")

[node name="SoundSensor" type="Area3D" parent="Sensors" index="0"]
transform = Transform3D(1, 0, 0, 0, 1, 0, 0, 0, 1, 0, 1.21336, 0)
collision_layer = 0
collision_mask = 578
script = ExtResource("25_cpi7t")

[node name="CollisionShape3D" type="CollisionShape3D" parent="Sensors/SoundSensor" index="0"]
shape = SubResource("SphereShape3D_jq6sk")

[node name="VisualSensor" type="Area3D" parent="Sensors" index="1"]
transform = Transform3D(-1, 0, -8.74228e-08, 0, 1, 0, 8.74228e-08, 0, -1, 0, 1.65, 0)
collision_layer = 18
collision_mask = 1042
monitorable = false
script = ExtResource("26_f5htr")
_ik_target = NodePath("../../ModelRoot/LookTarget")

[node name="TouchSensor" type="Area3D" parent="Sensors" index="2"]
collision_layer = 0
collision_mask = 2
script = ExtResource("27_fwtma")

[node name="CollisionShape3D" type="CollisionShape3D" parent="Sensors/TouchSensor" index="0"]
transform = Transform3D(1, 0, 0, 0, 1, -1.06581e-14, 0, 1.06581e-14, 1, 0, 1, 0)
shape = SubResource("CapsuleShape3D_8fi7o")

[node name="DebugVisualizers" type="Node3D" parent="." index="12"]

[node name="TargetPosition" type="MeshInstance3D" parent="DebugVisualizers" index="0"]
mesh = SubResource("BoxMesh_dt6gn")
skeleton = NodePath("../../..")
script = ExtResource("28_ata88")

[node name="Path" type="MeshInstance3D" parent="DebugVisualizers" index="1"]
top_level = true
